# Relative energy hierarchy for Ac-Argh-NMe conformations
# Calculated with PBE+vdW (tier 2 basis)
# Conf.    Energy./ [eV]     Rel. energy./ [eV]
#
   1  -574593.7208488   0.000000
   2  -574593.7202237   0.000625
   3  -574593.7201140   0.000735
   4  -574593.7198581   0.000991
   5  -574593.7197672   0.001082
   6  -574593.7195525   0.001296
   7  -574593.7183276   0.002521
   8  -574593.7156753   0.005174
   9  -574593.7154216   0.005427
  10  -574593.7153551   0.005494
  11  -574593.7145624   0.006286
  12  -574593.7142962   0.006553
  13  -574593.7141118   0.006737
  14  -574593.7122209   0.008628
  15  -574593.7120203   0.008829
  16  -574593.7120183   0.008831
  17  -574593.7116313   0.009217
  18  -574593.7111902   0.009659
  19  -574593.6727982   0.048051
  20  -574593.6726671   0.048182
  21  -574593.6720416   0.048807
  22  -574593.6715111   0.049338
  23  -574593.6707856   0.050063
  24  -574593.6586536   0.062195
  25  -574593.6582580   0.062591
  26  -574593.6576929   0.063156
  27  -574593.6576198   0.063229
  28  -574593.6166021   0.104247
  29  -574593.6061205   0.114728
  30  -574593.6053510   0.115498
  31  -574593.6040595   0.116789
  32  -574593.5940950   0.126754
  33  -574593.5929295   0.127919
  34  -574593.5863437   0.134505
  35  -574593.5855915   0.135257
  36  -574593.5853530   0.135496
  37  -574593.5850932   0.135756
  38  -574593.5850361   0.135813
  39  -574593.5844345   0.136414
  40  -574593.5843102   0.136539
  41  -574593.5842906   0.136558
  42  -574593.5836847   0.137164
  43  -574593.5831363   0.137713
  44  -574593.5827621   0.138087
  45  -574593.5827490   0.138100
  46  -574593.5826863   0.138162
  47  -574593.5826509   0.138198
  48  -574593.5826311   0.138218
  49  -574593.5825517   0.138297
  50  -574593.5824847   0.138364
  51  -574593.5823004   0.138548
  52  -574593.5812146   0.139634
  53  -574593.5811156   0.139733
  54  -574593.5810492   0.139800
  55  -574593.5807887   0.140060
  56  -574593.5797407   0.141108
  57  -574593.5766626   0.144186
  58  -574593.5765728   0.144276
  59  -574593.5763230   0.144526
  60  -574593.5755289   0.145320
  61  -574593.5603124   0.160536
  62  -574593.5598707   0.160978
  63  -574593.5593515   0.161497
  64  -574593.5589254   0.161923
  65  -574593.5582143   0.162635
  66  -574593.5581238   0.162725
  67  -574593.5578999   0.162949
  68  -574593.5477798   0.173069
  69  -574593.5467890   0.174060
  70  -574593.5465619   0.174287
  71  -574593.5465167   0.174332
  72  -574593.5429573   0.177892
  73  -574593.5426363   0.178213
  74  -574593.5416091   0.179240
  75  -574593.5406688   0.180180
  76  -574593.5378415   0.183007
  77  -574593.5378251   0.183024
  78  -574593.5276002   0.193249
  79  -574593.5270607   0.193788
  80  -574593.5270295   0.193819
  81  -574593.5265283   0.194321
  82  -574593.5263722   0.194477
  83  -574593.5260719   0.194777
  84  -574593.5228855   0.197963
  85  -574593.5227877   0.198061
  86  -574593.5214018   0.199447
  87  -574593.5212851   0.199564
  88  -574593.5212789   0.199570
  89  -574593.5206638   0.200185
  90  -574593.5205652   0.200284
  91  -574593.5180472   0.202802
  92  -574593.5173319   0.203517
  93  -574593.5172861   0.203563
  94  -574593.5160492   0.204800
  95  -574593.5159187   0.204930
  96  -574593.5151849   0.205664
  97  -574593.5111393   0.209710
  98  -574593.5102865   0.210562
  99  -574593.5095424   0.211306
 100  -574593.4777621   0.243087
 101  -574593.4777381   0.243111
 102  -574593.4774809   0.243368
 103  -574593.4774480   0.243401
 104  -574593.4773663   0.243483
 105  -574593.4770095   0.243839
 106  -574593.4703344   0.250514
 107  -574593.4659814   0.254867
 108  -574593.4617444   0.259104
 109  -574593.4613103   0.259538
 110  -574593.4602941   0.260555
 111  -574593.4602854   0.260563
 112  -574593.4595743   0.261275
 113  -574593.4584166   0.262432
 114  -574593.4583121   0.262537
 115  -574593.4578742   0.262975
 116  -574593.4578590   0.262990
 117  -574593.4576090   0.263240
 118  -574593.4575198   0.263329
 119  -574593.4571732   0.263676
 120  -574593.4571311   0.263718
 121  -574593.4567576   0.264091
 122  -574593.4567443   0.264105
 123  -574593.4566791   0.264170
 124  -574593.4565972   0.264252
 125  -574593.4565336   0.264315
 126  -574593.4565049   0.264344
 127  -574593.4537835   0.267065
 128  -574593.4530567   0.267792
 129  -574593.4529691   0.267880
 130  -574593.4528528   0.267996
 131  -574593.4522593   0.268589
 132  -574593.4520177   0.268831
 133  -574593.4519825   0.268866
 134  -574593.4518544   0.268994
 135  -574593.4518270   0.269022
 136  -574593.4517770   0.269072
 137  -574593.4517384   0.269110
 138  -574593.4516197   0.269229
 139  -574593.4505431   0.270306
 140  -574593.4504219   0.270427
 141  -574593.4319744   0.288874
 142  -574593.4247197   0.296129
 143  -574593.4247100   0.296139
 144  -574593.4243076   0.296541
 145  -574593.4234447   0.297404
 146  -574593.4222760   0.298573
 147  -574593.4221682   0.298681
 148  -574593.4209293   0.299920
 149  -574593.4208744   0.299974
 150  -574593.4201937   0.300655
 151  -574593.4185863   0.302263
 152  -574593.4167441   0.304105
 153  -574593.4157924   0.305056
 154  -574593.4151572   0.305692
 155  -574593.4093484   0.311500
 156  -574593.4092476   0.311601
 157  -574593.4083443   0.312505
 158  -574593.4025506   0.318298
 159  -574593.4011985   0.319650
 160  -574593.4007589   0.320090
 161  -574593.3971040   0.323745
 162  -574593.3964368   0.324412
 163  -574593.3898508   0.330998
 164  -574593.3895639   0.331285
 165  -574593.3873387   0.333510
 166  -574593.3873105   0.333538
 167  -574593.3808483   0.340001
 168  -574593.3807070   0.340142
 169  -574593.3803663   0.340483
 170  -574593.3802398   0.340609
 171  -574593.3799047   0.340944
 172  -574593.3770026   0.343846
 173  -574593.3739726   0.346876
 174  -574593.3717184   0.349130
 175  -574593.3608683   0.359981
 176  -574593.3596723   0.361176
 177  -574593.3587098   0.362139
 178  -574593.3562344   0.364614
 179  -574593.3540545   0.366794
 180  -574593.3526853   0.368163
 181  -574593.3513957   0.369453
 182  -574593.3495438   0.371305
 183  -574593.3495046   0.371344
 184  -574593.3485918   0.372257
 185  -574593.3481426   0.372706
 186  -574593.3477753   0.373073
 187  -574593.3471329   0.373716
 188  -574593.3470262   0.373823
 189  -574593.3441286   0.376720
 190  -574593.3428548   0.377994
 191  -574593.3393301   0.381519
 192  -574593.3390031   0.381846
 193  -574593.3386921   0.382157
 194  -574593.3381313   0.382717
 195  -574593.3364386   0.384410
 196  -574593.3346387   0.386210
 197  -574593.3330206   0.387828
 198  -574593.3314675   0.389381
 199  -574593.3270556   0.393793
 200  -574593.3264466   0.394402
 201  -574593.3244513   0.396398
 202  -574593.3241542   0.396695
 203  -574593.3198687   0.400980
 204  -574593.3052135   0.415635
 205  -574593.2962387   0.424610
 206  -574593.2904944   0.430354
 207  -574593.2904209   0.430428
 208  -574593.2901792   0.430670
 209  -574593.2877076   0.433141
 210  -574593.2876043   0.433245
 211  -574593.2872805   0.433568
 212  -574593.2740345   0.446814
 213  -574593.2736977   0.447151
 214  -574593.2713955   0.449453
 215  -574593.2668736   0.453975
 216  -574593.2542366   0.466612
 217  -574593.2528672   0.467982
 218  -574593.2510787   0.469770
 219  -574593.2505046   0.470344
 220  -574593.2481326   0.472716
 221  -574593.2322696   0.488579
 222  -574593.2284062   0.492443
 223  -574593.2267132   0.494136
 224  -574593.2238646   0.496984
 225  -574593.2204343   0.500415
 226  -574593.2190640   0.501785
 227  -574593.2171963   0.503652
 228  -574593.2158836   0.504965
 229  -574593.2131659   0.507683
 230  -574593.2097466   0.511102
 231  -574593.2044129   0.516436
 232  -574593.2022608   0.518588
 233  -574593.2014034   0.519445
 234  -574593.2004789   0.520370
 235  -574593.1958901   0.524959
 236  -574593.1955378   0.525311
 237  -574593.1949314   0.525917
 238  -574593.1940979   0.526751
 239  -574593.1940915   0.526757
 240  -574593.1940237   0.526825
 241  -574593.1934679   0.527381
 242  -574593.1931758   0.527673
 243  -574593.1905602   0.530289
 244  -574593.1843466   0.536502
 245  -574593.1829257   0.537923
 246  -574593.1822801   0.538569
 247  -574593.1814335   0.539415
 248  -574593.1803338   0.540515
 249  -574593.1777474   0.543101
 250  -574593.1755891   0.545260
 251  -574593.1755834   0.545265
 252  -574593.1715186   0.549330
 253  -574593.1678867   0.552962
 254  -574593.1565980   0.564251
 255  -574593.1547950   0.566054
 256  -574593.1547043   0.566145
 257  -574593.1502532   0.570596
 258  -574593.1474795   0.573369
 259  -574593.1471123   0.573736
 260  -574593.1464072   0.574442
 261  -574593.1451189   0.575730
 262  -574593.1437599   0.577089
 263  -574593.1431626   0.577686
 264  -574593.1409288   0.579920
 265  -574593.1391637   0.581685
 266  -574593.1356199   0.585229
 267  -574593.1342923   0.586557
 268  -574593.1340790   0.586770
 269  -574593.1318985   0.588950
 270  -574593.1317649   0.589084
 271  -574593.1279451   0.592904
 272  -574593.1273968   0.593452
 273  -574593.1265869   0.594262
 274  -574593.1263579   0.594491
 275  -574593.1263470   0.594502
 276  -574593.1263109   0.594538
 277  -574593.1260550   0.594794
 278  -574593.1259919   0.594857
 279  -574593.1256729   0.595176
 280  -574593.1231025   0.597746
 281  -574593.1228174   0.598031
 282  -574593.1194238   0.601425
 283  -574593.1163799   0.604469
 284  -574593.1128686   0.607980
 285  -574593.1125969   0.608252
 286  -574593.1079778   0.612871
 287  -574593.1059353   0.614914
 288  -574593.1036573   0.617192
 289  -574593.1032994   0.617549
 290  -574593.1028694   0.617979
 291  -574593.1024634   0.618385
 292  -574593.1023478   0.618501
 293  -574593.0991333   0.621716
 294  -574593.0979844   0.622864
 295  -574593.0968197   0.624029
 296  -574593.0957440   0.625105
 297  -574593.0934690   0.627380
 298  -574593.0879339   0.632915
 299  -574593.0806738   0.640175
 300  -574593.0802615   0.640587
 301  -574593.0784532   0.642396
 302  -574593.0768150   0.644034
 303  -574593.0726361   0.648213
 304  -574593.0689701   0.651879
 305  -574593.0683801   0.652469
 306  -574593.0676524   0.653196
 307  -574593.0663200   0.654529
 308  -574593.0652582   0.655591
 309  -574593.0651109   0.655738
 310  -574593.0630835   0.657765
 311  -574593.0619556   0.658893
 312  -574593.0610336   0.659815
 313  -574593.0608213   0.660028
 314  -574593.0604945   0.660354
 315  -574593.0600627   0.660786
 316  -574593.0571524   0.663696
 317  -574593.0560373   0.664811
 318  -574593.0548931   0.665956
 319  -574593.0529446   0.667904
 320  -574593.0520817   0.668767
 321  -574593.0502077   0.670641
 322  -574593.0492817   0.671567
 323  -574593.0451072   0.675742
 324  -574593.0450995   0.675749
 325  -574593.0398331   0.681016
 326  -574593.0380727   0.682776
 327  -574593.0374385   0.683410
 328  -574593.0341118   0.686737
 329  -574593.0304209   0.690428
 330  -574593.0260218   0.694827
 331  -574593.0256753   0.695173
 332  -574593.0255385   0.695310
 333  -574593.0251791   0.695670
 334  -574593.0246491   0.696200
 335  -574593.0244821   0.696367
 336  -574593.0231859   0.697663
 337  -574593.0231291   0.697720
 338  -574593.0225962   0.698253
 339  -574593.0215579   0.699291
 340  -574593.0187287   0.702120
 341  -574593.0180247   0.702824
 342  -574593.0145238   0.706325
 343  -574593.0137996   0.707049
 344  -574593.0110491   0.709800
 345  -574593.0091731   0.711676
 346  -574593.0082276   0.712621
 347  -574593.0078469   0.713002
 348  -574593.0077533   0.713096
 349  -574593.0057436   0.715105
 350  -574593.0055190   0.715330
 351  -574593.0020010   0.718848
 352  -574592.9988114   0.722037
 353  -574592.9984070   0.722442
 354  -574592.9979244   0.722924
 355  -574592.9967544   0.724094
 356  -574592.9952889   0.725560
 357  -574592.9944331   0.726416
 358  -574592.9915771   0.729272
 359  -574592.9914088   0.729440
 360  -574592.9912370   0.729612
 361  -574592.9882181   0.732631
 362  -574592.9875083   0.733341
 363  -574592.9872408   0.733608
 364  -574592.9845145   0.736334
 365  -574592.9834388   0.737410
 366  -574592.9830963   0.737752
 367  -574592.9828438   0.738005
 368  -574592.9773978   0.743451
 369  -574592.9763435   0.744505
 370  -574592.9755215   0.745327
 371  -574592.9749990   0.745850
 372  -574592.9747559   0.746093
 373  -574592.9743176   0.746531
 374  -574592.9729660   0.747883
 375  -574592.9708806   0.749968
 376  -574592.9686070   0.752242
 377  -574592.9683280   0.752521
 378  -574592.9680236   0.752825
 379  -574592.9668631   0.753986
 380  -574592.9657952   0.755054
 381  -574592.9645274   0.756321
 382  -574592.9634209   0.757428
 383  -574592.9586952   0.762154
 384  -574592.9578669   0.762982
 385  -574592.9575100   0.763339
 386  -574592.9568977   0.763951
 387  -574592.9556208   0.765228
 388  -574592.9548521   0.765997
 389  -574592.9545421   0.766307
 390  -574592.9543778   0.766471
 391  -574592.9539603   0.766889
 392  -574592.9538205   0.767028
 393  -574592.9536332   0.767216
 394  -574592.9510425   0.769806
 395  -574592.9499591   0.770890
 396  -574592.9499476   0.770901
 397  -574592.9491452   0.771704
 398  -574592.9472662   0.773583
 399  -574592.9457625   0.775086
 400  -574592.9451334   0.775715
 401  -574592.9451114   0.775737
 402  -574592.9447451   0.776104
 403  -574592.9446558   0.776193
 404  -574592.9444355   0.776413
 405  -574592.9440636   0.776785
 406  -574592.9416293   0.779220
 407  -574592.9400160   0.780833
 408  -574592.9400160   0.780833
 409  -574592.9397725   0.781076
 410  -574592.9389826   0.781866
 411  -574592.9389163   0.781933
 412  -574592.9318320   0.789017
 413  -574592.9317957   0.789053
 414  -574592.9312966   0.789552
 415  -574592.9310760   0.789773
 416  -574592.9263545   0.794494
 417  -574592.9248787   0.795970
 418  -574592.9246259   0.796223
 419  -574592.9222300   0.798619
 420  -574592.9213535   0.799495
 421  -574592.9200433   0.800806
 422  -574592.9193298   0.801519
 423  -574592.9164835   0.804365
 424  -574592.9110318   0.809817
 425  -574592.9076930   0.813156
 426  -574592.9076582   0.813191
 427  -574592.9076251   0.813224
 428  -574592.9076234   0.813225
 429  -574592.9057826   0.815066
 430  -574592.9034997   0.817349
 431  -574592.8950319   0.825817
 432  -574592.8949196   0.825929
 433  -574592.8872659   0.833583
 434  -574592.8862262   0.834623
 435  -574592.8814108   0.839438
 436  -574592.8797698   0.841079
 437  -574592.8796182   0.841231
 438  -574592.8784996   0.842349
 439  -574592.8783911   0.842458
 440  -574592.8773212   0.843528
 441  -574592.8747659   0.846083
 442  -574592.8722561   0.848593
 443  -574592.8666436   0.854205
 444  -574592.8656336   0.855215
 445  -574592.8642977   0.856551
 446  -574592.8632809   0.857568
 447  -574592.8563285   0.864520
 448  -574592.8519889   0.868860
 449  -574592.8494586   0.871390
 450  -574592.8467492   0.874100
 451  -574592.8450030   0.875846
 452  -574592.8324960   0.888353
 453  -574592.8320163   0.888833
 454  -574592.8260463   0.894803
 455  -574592.8114997   0.909349
 456  -574592.8036331   0.917216
 457  -574592.8008448   0.920004
 458  -574592.7989256   0.921923
 459  -574592.7984080   0.922441
 460  -574592.7916564   0.929192
 461  -574592.7827804   0.938068
 462  -574592.7751253   0.945723
 463  -574592.7740045   0.946844
 464  -574592.7662116   0.954637
 465  -574592.7658773   0.954972
 466  -574592.7622013   0.958648
 467  -574592.7546498   0.966199
 468  -574592.7538927   0.966956
 469  -574592.7439245   0.976924
 470  -574592.7435800   0.977269
 471  -574592.7424224   0.978426
 472  -574592.7353974   0.985451
 473  -574592.7334586   0.987390
 474  -574592.7171081   1.003741
 475  -574592.7160567   1.004792
 476  -574592.7088046   1.012044
 477  -574592.6992739   1.021575
 478  -574592.6854515   1.035397
 479  -574592.6823121   1.038537
 480  -574592.6790289   1.041820
 481  -574592.6703120   1.050537
 482  -574592.6700263   1.050823
 483  -574592.6681470   1.052702
 484  -574592.6290145   1.091834
 485  -574592.6238042   1.097045
 486  -574592.6050420   1.115807
 487  -574592.5708761   1.149973
 488  -574592.5234718   1.197377
 489  -574592.5070455   1.213803
