# Relative energy hierarchy for Ac-Arg-NMe conformations
# Calculated with PBE+vdW (tier 2 basis)
# Conf.    Energy./ [eV]     Rel. energy./ [eV]
#
   1  -39737.6819994   0.000000
   2  -39737.6698497   0.012150
   3  -39737.6526525   0.029347
   4  -39737.6164591   0.065540
   5  -39737.6108267   0.071173
   6  -39737.6059755   0.076024
   7  -39737.585861   0.096138
   8  -39737.5812786   0.100721
   9  -39737.5804796   0.101520
  10  -39737.5726302   0.109369
  11  -39737.5671144   0.114885
  12  -39737.5662726   0.115727
  13  -39737.5592877   0.122712
  14  -39737.5527634   0.129236
  15  -39737.5474435   0.134556
  16  -39737.5401187   0.141881
  17  -39737.5351649   0.146835
  18  -39737.5290654   0.152934
  19  -39737.5109707   0.171029
  20  -39737.504665   0.177334
  21  -39737.502713   0.179286
  22  -39737.502106   0.179893
  23  -39737.4999092   0.182090
  24  -39737.4923316   0.189668
  25  -39737.4912254   0.190774
  26  -39737.4848721   0.197127
  27  -39737.4783775   0.203622
  28  -39737.4780537   0.203946
  29  -39737.4739563   0.208043
  30  -39737.4692942   0.212705
  31  -39737.4692497   0.212750
  32  -39737.4681379   0.213862
  33  -39737.4658656   0.216134
  34  -39737.4627855   0.219214
  35  -39737.4529033   0.229096
  36  -39737.4480994   0.233900
  37  -39737.445803   0.236196
  38  -39737.4393981   0.242601
  39  -39737.4387371   0.243262
  40  -39737.4386772   0.243322
  41  -39737.4331562   0.248843
  42  -39737.4302068   0.251793
  43  -39737.4261294   0.255870
  44  -39737.423732   0.258267
  45  -39737.4192572   0.262742
  46  -39737.4183405   0.263659
  47  -39737.4078125   0.274187
  48  -39737.407719   0.274280
  49  -39737.4028459   0.279154
  50  -39737.4002217   0.281778
  51  -39737.3969981   0.285001
  52  -39737.392974   0.289025
  53  -39737.3928333   0.289166
  54  -39737.3920071   0.289992
  55  -39737.3879027   0.294097
  56  -39737.3855358   0.296464
  57  -39737.3841035   0.297896
  58  -39737.3835201   0.298479
  59  -39737.368948   0.313051
  60  -39737.3664144   0.315585
  61  -39737.3648512   0.317148
  62  -39737.3625848   0.319415
  63  -39737.3613263   0.320673
  64  -39737.3598453   0.322154
  65  -39737.3591037   0.322896
  66  -39737.3588453   0.323154
  67  -39737.3549864   0.327013
  68  -39737.3545848   0.327415
  69  -39737.3519098   0.330090
  70  -39737.3510718   0.330928
  71  -39737.3475823   0.334417
  72  -39737.3394682   0.342531
  73  -39737.3315404   0.350459
  74  -39737.3295886   0.352411
  75  -39737.3295767   0.352423
  76  -39737.3257975   0.356202
  77  -39737.316195   0.365804
  78  -39737.3126033   0.369396
  79  -39737.3101218   0.371878
  80  -39737.3090599   0.372940
  81  -39737.3054424   0.376557
  82  -39737.3040951   0.377904
  83  -39737.3040941   0.377905
  84  -39737.3029052   0.379094
  85  -39737.2931713   0.388828
  86  -39737.2885748   0.393425
  87  -39737.2872131   0.394786
  88  -39737.2839576   0.398042
  89  -39737.2799327   0.402067
  90  -39737.275751   0.406248
  91  -39737.2739404   0.408059
  92  -39737.2721118   0.409888
  93  -39737.2633415   0.418658
  94  -39737.2608818   0.421118
  95  -39737.2587767   0.423223
  96  -39737.2558776   0.426122
  97  -39737.2472848   0.434715
  98  -39737.2364136   0.445586
  99  -39737.2338662   0.448133
 100  -39737.229993   0.452006
 101  -39737.2233145   0.458685
 102  -39737.2087886   0.473211
 103  -39737.2005543   0.481445
 104  -39737.2002619   0.481738
 105  -39737.1935615   0.488438
 106  -39737.1925594   0.489440
 107  -39737.1890912   0.492908
 108  -39737.188871   0.493128
 109  -39737.1846199   0.497380
 110  -39737.1806969   0.501303
 111  -39737.1547847   0.527215
 112  -39737.1541357   0.527864
 113  -39737.1447471   0.537252
 114  -39737.1348973   0.547102
 115  -39737.1336242   0.548375
 116  -39737.1060859   0.575914
 117  -39737.0819239   0.600076
 118  -39737.0784063   0.603593
 119  -39737.0650032   0.616996
 120  -39737.0622054   0.619794
 121  -39737.0536273   0.628372
 122  -39737.0495944   0.632405
 123  -39737.0436397   0.638360
 124  -39737.0391219   0.642878
 125  -39737.0334902   0.648509
 126  -39737.0158823   0.666117
 127  -39737.0108833   0.671116
 128  -39737.005945   0.676054
 129  -39737.004775   0.677224
 130  -39737.0022688   0.679731
 131  -39736.997669   0.684330
 132  -39736.9932506   0.688749
 133  -39736.9924604   0.689539
 134  -39736.9855804   0.696419
 135  -39736.981546   0.700453
 136  -39736.9733062   0.708693
 137  -39736.9643459   0.717654
 138  -39736.9529449   0.729055
 139  -39736.9513337   0.730666
 140  -39736.9494514   0.732548
 141  -39736.9467482   0.735251
 142  -39736.9432307   0.738769
 143  -39736.9310369   0.750963
 144  -39736.929628   0.752371
 145  -39736.928833   0.753166
 146  -39736.9156339   0.766366
 147  -39736.8961921   0.785807
 148  -39736.895665   0.786334
 149  -39736.8934156   0.788584
 150  -39736.8929455   0.789054
 151  -39736.8904727   0.791527
 152  -39736.8842888   0.797711
 153  -39736.8745809   0.807419
 154  -39736.8666854   0.815314
 155  -39736.8638835   0.818116
 156  -39736.8625731   0.819426
 157  -39736.860326   0.821673
 158  -39736.8600063   0.821993
 159  -39736.8560583   0.825941
 160  -39736.8553668   0.826633
 161  -39736.8471586   0.834841
 162  -39736.8353233   0.846676
 163  -39736.8343266   0.847673
 164  -39736.8331769   0.848823
 165  -39736.828956   0.853043
 166  -39736.8206987   0.861301
 167  -39736.8201712   0.861828
 168  -39736.8197899   0.862210
 169  -39736.8150972   0.866902
 170  -39736.8142708   0.867729
 171  -39736.8140034   0.867996
 172  -39736.8137876   0.868212
 173  -39736.8132294   0.868770
 174  -39736.8120408   0.869959
 175  -39736.8116736   0.870326
 176  -39736.8010881   0.880911
 177  -39736.7981438   0.883856
 178  -39736.7967853   0.885214
 179  -39736.7951567   0.886843
 180  -39736.7919083   0.890091
 181  -39736.7904837   0.891516
 182  -39736.7887025   0.893297
 183  -39736.785932   0.896067
 184  -39736.7780304   0.903969
 185  -39736.7753388   0.906661
 186  -39736.7734614   0.908538
 187  -39736.7700487   0.911951
 188  -39736.7524201   0.929579
 189  -39736.7500802   0.931919
 190  -39736.7470298   0.934970
 191  -39736.7456526   0.936347
 192  -39736.7434478   0.938552
 193  -39736.7434198   0.938580
 194  -39736.7401185   0.941881
 195  -39736.739426   0.942573
 196  -39736.7367613   0.945238
 197  -39736.7349914   0.947008
 198  -39736.7333631   0.948636
 199  -39736.7284672   0.953532
 200  -39736.725962   0.956037
 201  -39736.7254345   0.956565
 202  -39736.721647   0.960352
 203  -39736.7164303   0.965569
 204  -39736.7146009   0.967399
 205  -39736.7139689   0.968031
 206  -39736.7133303   0.968669
 207  -39736.7116514   0.970348
 208  -39736.7112031   0.970796
 209  -39736.7095565   0.972443
 210  -39736.7074814   0.974518
 211  -39736.7059285   0.976071
 212  -39736.7030089   0.978990
 213  -39736.7016091   0.980390
 214  -39736.701141   0.980858
 215  -39736.6987562   0.983243
 216  -39736.6937662   0.988233
 217  -39736.6922312   0.989768
 218  -39736.6903433   0.991656
 219  -39736.689552   0.992447
 220  -39736.6885574   0.993442
 221  -39736.6844902   0.997509
 222  -39736.6806269   1.001373
 223  -39736.6758923   1.006107
 224  -39736.6742923   1.007707
 225  -39736.673389   1.008610
 226  -39736.6728867   1.009113
 227  -39736.6717762   1.010223
 228  -39736.6691205   1.012879
 229  -39736.6689029   1.013097
 230  -39736.667994   1.014005
 231  -39736.6662382   1.015761
 232  -39736.6603114   1.021688
 233  -39736.6569609   1.025039
 234  -39736.656699   1.025300
 235  -39736.6532201   1.028779
 236  -39736.6477725   1.034227
 237  -39736.6448922   1.037107
 238  -39736.6438822   1.038117
 239  -39736.6427051   1.039294
 240  -39736.6386877   1.043312
 241  -39736.637784   1.044215
 242  -39736.6348386   1.047161
 243  -39736.6341365   1.047863
 244  -39736.6312401   1.050759
 245  -39736.6279433   1.054056
 246  -39736.6270472   1.054952
 247  -39736.6265378   1.055462
 248  -39736.6210484   1.060951
 249  -39736.619725   1.062274
 250  -39736.6181217   1.063878
 251  -39736.613973   1.068026
 252  -39736.6129834   1.069016
 253  -39736.6127013   1.069298
 254  -39736.6121478   1.069852
 255  -39736.6108115   1.071188
 256  -39736.6092078   1.072792
 257  -39736.6060921   1.075907
 258  -39736.5961927   1.085807
 259  -39736.5945149   1.087484
 260  -39736.5929271   1.089072
 261  -39736.5919172   1.090082
 262  -39736.5916007   1.090399
 263  -39736.5916   1.090399
 264  -39736.5871681   1.094831
 265  -39736.5858974   1.096102
 266  -39736.5857168   1.096283
 267  -39736.5820856   1.099914
 268  -39736.5766673   1.105332
 269  -39736.5713218   1.110678
 270  -39736.5688034   1.113196
 271  -39736.5632945   1.118705
 272  -39736.5597767   1.122223
 273  -39736.5535374   1.128462
 274  -39736.5533521   1.128647
 275  -39736.5499461   1.132053
 276  -39736.5481651   1.133834
 277  -39736.5464254   1.135574
 278  -39736.5457022   1.136297
 279  -39736.5437578   1.138242
 280  -39736.5429895   1.139010
 281  -39736.5309355   1.151064
 282  -39736.5302931   1.151706
 283  -39736.5294503   1.152549
 284  -39736.5292018   1.152798
 285  -39736.5287673   1.153232
 286  -39736.5245219   1.157478
 287  -39736.521154   1.160845
 288  -39736.5121417   1.169858
 289  -39736.5120354   1.169964
 290  -39736.5086323   1.173367
 291  -39736.5035952   1.178404
 292  -39736.5024716   1.179528
 293  -39736.5005085   1.181491
 294  -39736.4997229   1.182277
 295  -39736.4934028   1.188597
 296  -39736.4915222   1.190477
 297  -39736.4898664   1.192133
 298  -39736.4836947   1.198305
 299  -39736.4798959   1.202103
 300  -39736.4761592   1.205840
 301  -39736.475027   1.206972
 302  -39736.4715094   1.210490
 303  -39736.4712399   1.210760
 304  -39736.4645199   1.217480
 305  -39736.4639964   1.218003
 306  -39736.4633829   1.218617
 307  -39736.4593249   1.222675
 308  -39736.4570753   1.224924
 309  -39736.4563345   1.225665
 310  -39736.453027   1.228972
 311  -39736.4523791   1.229620
 312  -39736.4484916   1.233508
 313  -39736.4472647   1.234735
 314  -39736.4456756   1.236324
 315  -39736.4434714   1.238528
 316  -39736.4434483   1.238551
 317  -39736.442593   1.239406
 318  -39736.4407507   1.241249
 319  -39736.4379712   1.244028
 320  -39736.4358585   1.246141
 321  -39736.4354435   1.246556
 322  -39736.4353817   1.246618
 323  -39736.4340616   1.247938
 324  -39736.4311471   1.250852
 325  -39736.4307177   1.251282
 326  -39736.4302911   1.251708
 327  -39736.4271229   1.254877
 328  -39736.4261716   1.255828
 329  -39736.4222905   1.259709
 330  -39736.4168335   1.265166
 331  -39736.4144232   1.267576
 332  -39736.414328   1.267671
 333  -39736.4129669   1.269033
 334  -39736.4109307   1.271069
 335  -39736.410309   1.271690
 336  -39736.4059762   1.276023
 337  -39736.4015855   1.280414
 338  -39736.3998986   1.282101
 339  -39736.399507   1.282492
 340  -39736.3943857   1.287614
 341  -39736.3940947   1.287905
 342  -39736.3882328   1.293767
 343  -39736.3874384   1.294561
 344  -39736.3852284   1.296771
 345  -39736.3850236   1.296976
 346  -39736.3834501   1.298549
 347  -39736.3776399   1.304360
 348  -39736.3776173   1.304382
 349  -39736.3774871   1.304512
 350  -39736.376093   1.305906
 351  -39736.3743302   1.307669
 352  -39736.3733014   1.308698
 353  -39736.3700194   1.311980
 354  -39736.3683652   1.313634
 355  -39736.3676108   1.314389
 356  -39736.3672617   1.314738
 357  -39736.3671243   1.314875
 358  -39736.3662091   1.315790
 359  -39736.3634676   1.318532
 360  -39736.3628933   1.319106
 361  -39736.3616412   1.320358
 362  -39736.3611862   1.320813
 363  -39736.3596201   1.322379
 364  -39736.3532983   1.328701
 365  -39736.3519672   1.330032
 366  -39736.3517861   1.330213
 367  -39736.3482291   1.333770
 368  -39736.3481796   1.333820
 369  -39736.3442445   1.337755
 370  -39736.342534   1.339465
 371  -39736.340623   1.341376
 372  -39736.3391448   1.342855
 373  -39736.3378263   1.344173
 374  -39736.3372651   1.344734
 375  -39736.3341991   1.347800
 376  -39736.3314948   1.350505
 377  -39736.3309321   1.351067
 378  -39736.3303372   1.351662
 379  -39736.3279152   1.354084
 380  -39736.3265844   1.355415
 381  -39736.3204955   1.361504
 382  -39736.3204573   1.361542
 383  -39736.3160452   1.365954
 384  -39736.3127653   1.369234
 385  -39736.3108379   1.371162
 386  -39736.3104065   1.371593
 387  -39736.309466   1.372533
 388  -39736.3091285   1.372871
 389  -39736.3081039   1.373896
 390  -39736.3026728   1.379327
 391  -39736.301547   1.380452
 392  -39736.3006984   1.381301
 393  -39736.2988673   1.383132
 394  -39736.2986913   1.383308
 395  -39736.2948801   1.387119
 396  -39736.2921387   1.389861
 397  -39736.2910181   1.390981
 398  -39736.2794927   1.402507
 399  -39736.2727376   1.409262
 400  -39736.2722201   1.409779
 401  -39736.2655233   1.416476
 402  -39736.2640319   1.417968
 403  -39736.2634278   1.418572
 404  -39736.2596648   1.422335
 405  -39736.2515853   1.430414
 406  -39736.2499443   1.432055
 407  -39736.2471089   1.434891
 408  -39736.2459634   1.436036
 409  -39736.2408594   1.441140
 410  -39736.2402163   1.441783
 411  -39736.2370614   1.444938
 412  -39736.234582   1.447417
 413  -39736.2305019   1.451498
 414  -39736.2293633   1.452636
 415  -39736.2251246   1.456875
 416  -39736.2225549   1.459445
 417  -39736.2222244   1.459775
 418  -39736.2189912   1.463008
 419  -39736.2189401   1.463059
 420  -39736.2144158   1.467584
 421  -39736.2127509   1.469249
 422  -39736.2117698   1.470230
 423  -39736.2092077   1.472792
 424  -39736.2083218   1.473678
 425  -39736.2055544   1.476445
 426  -39736.2043671   1.477632
 427  -39736.204228   1.477771
 428  -39736.2033863   1.478613
 429  -39736.1993783   1.482621
 430  -39736.1964284   1.485571
 431  -39736.1960082   1.485991
 432  -39736.195694   1.486305
 433  -39736.1937443   1.488255
 434  -39736.1874501   1.494549
 435  -39736.1851109   1.496889
 436  -39736.1808318   1.501168
 437  -39736.1803704   1.501629
 438  -39736.17712   1.504879
 439  -39736.176924   1.505075
 440  -39736.1707741   1.511225
 441  -39736.1670689   1.514931
 442  -39736.166912   1.515087
 443  -39736.1651986   1.516801
 444  -39736.1585915   1.523408
 445  -39736.1563089   1.525691
 446  -39736.1525733   1.529426
 447  -39736.1423465   1.539653
 448  -39736.1419455   1.540054
 449  -39736.1418968   1.540103
 450  -39736.1326804   1.549319
 451  -39736.131963   1.550036
 452  -39736.1317992   1.550200
 453  -39736.1252732   1.556726
 454  -39736.12526   1.556739
 455  -39736.1251254   1.556874
 456  -39736.1203318   1.561668
 457  -39736.1201923   1.561807
 458  -39736.1150706   1.566929
 459  -39736.107684   1.574315
 460  -39736.105053   1.576946
 461  -39736.1023612   1.579638
 462  -39736.0900838   1.591916
 463  -39736.0673031   1.614696
 464  -39736.0666488   1.615351
 465  -39736.0658949   1.616105
 466  -39736.0630674   1.618932
 467  -39736.0578894   1.624110
 468  -39736.0544872   1.627512
 469  -39736.0522611   1.629738
 470  -39736.0499282   1.632071
 471  -39736.0489168   1.633083
 472  -39736.0488096   1.633190
 473  -39736.045409   1.636590
 474  -39736.0446858   1.637314
 475  -39736.0436767   1.638323
 476  -39736.0428066   1.639193
 477  -39736.0416794   1.640320
 478  -39736.0379575   1.644042
 479  -39736.0332822   1.648717
 480  -39736.0318771   1.650122
 481  -39736.0310841   1.650915
 482  -39736.03004   1.651959
 483  -39736.0285026   1.653497
 484  -39736.027887   1.654112
 485  -39736.027409   1.654590
 486  -39736.0207437   1.661256
 487  -39736.0175868   1.664413
 488  -39736.0143097   1.667690
 489  -39736.0098307   1.672169
 490  -39736.0096228   1.672377
 491  -39736.0084628   1.673537
 492  -39736.0066713   1.675328
 493  -39735.9975503   1.684449
 494  -39735.9911624   1.690837
 495  -39735.9885854   1.693414
 496  -39735.9784107   1.703589
 497  -39735.9742279   1.707772
 498  -39735.9741753   1.707824
 499  -39735.964856   1.717143
 500  -39735.957093   1.724906
 501  -39735.9547655   1.727234
 502  -39735.953203   1.728796
 503  -39735.9516217   1.730378
 504  -39735.9514724   1.730527
 505  -39735.9505152   1.731484
 506  -39735.9476043   1.734395
 507  -39735.9399639   1.742036
 508  -39735.9387176   1.743282
 509  -39735.9369309   1.745069
 510  -39735.9323555   1.749644
 511  -39735.9227145   1.759285
 512  -39735.9219821   1.760017
 513  -39735.91537   1.766629
 514  -39735.9065165   1.775483
 515  -39735.9030275   1.778972
 516  -39735.9027008   1.779299
 517  -39735.9008981   1.781101
 518  -39735.899802   1.782197
 519  -39735.8984179   1.783581
 520  -39735.8945623   1.787437
 521  -39735.8944278   1.787572
 522  -39735.8939285   1.788071
 523  -39735.8939155   1.788084
 524  -39735.8915563   1.790443
 525  -39735.8750688   1.806931
 526  -39735.8717672   1.810232
 527  -39735.8676143   1.814385
 528  -39735.8666276   1.815372
 529  -39735.8663557   1.815644
 530  -39735.857162   1.824837
 531  -39735.854562   1.827437
 532  -39735.8434166   1.838583
 533  -39735.8429752   1.839024
 534  -39735.8276971   1.854302
 535  -39735.8236965   1.858303
 536  -39735.8145849   1.867415
 537  -39735.8132901   1.868709
 538  -39735.8123967   1.869603
 539  -39735.8121757   1.869824
 540  -39735.8073555   1.874644
 541  -39735.7876111   1.894388
 542  -39735.7866057   1.895394
 543  -39735.7849823   1.897017
 544  -39735.7830548   1.898945
 545  -39735.7825415   1.899458
 546  -39735.7768377   1.905162
 547  -39735.7705934   1.911406
 548  -39735.7696947   1.912305
 549  -39735.7667211   1.915278
 550  -39735.7644317   1.917568
 551  -39735.7637897   1.918210
 552  -39735.7608554   1.921144
 553  -39735.7601035   1.921896
 554  -39735.7595817   1.922418
 555  -39735.7575706   1.924429
 556  -39735.7501332   1.931866
 557  -39735.7484868   1.933513
 558  -39735.7469637   1.935036
 559  -39735.7378084   1.944191
 560  -39735.7317661   1.950233
 561  -39735.7314105   1.950589
 562  -39735.7279283   1.954071
 563  -39735.7266096   1.955390
 564  -39735.7221302   1.959869
 565  -39735.7217884   1.960211
 566  -39735.7171956   1.964804
 567  -39735.7152881   1.966711
 568  -39735.7136425   1.968357
 569  -39735.7131607   1.968839
 570  -39735.7126977   1.969302
 571  -39735.7126774   1.969322
 572  -39735.708562   1.973437
 573  -39735.7077939   1.974206
 574  -39735.7065743   1.975425
 575  -39735.7058114   1.976188
 576  -39735.7039757   1.978024
 577  -39735.7039191   1.978080
 578  -39735.7012448   1.980755
 579  -39735.6955459   1.986454
 580  -39735.6953461   1.986653
 581  -39735.6849112   1.997088
 582  -39735.684893   1.997106
 583  -39735.6832005   1.998799
 584  -39735.6806317   2.001368
 585  -39735.6791484   2.002851
 586  -39735.6767268   2.005273
 587  -39735.6750475   2.006952
 588  -39735.6675819   2.014418
 589  -39735.6660753   2.015924
 590  -39735.6654806   2.016519
 591  -39735.6632019   2.018798
 592  -39735.6619961   2.020003
 593  -39735.6587498   2.023250
 594  -39735.6563069   2.025693
 595  -39735.6546443   2.027355
 596  -39735.6517689   2.030231
 597  -39735.6507697   2.031230
 598  -39735.6464946   2.035505
 599  -39735.6455078   2.036492
 600  -39735.6424098   2.039590
 601  -39735.6421129   2.039887
 602  -39735.64143   2.040569
 603  -39735.6330589   2.048941
 604  -39735.6322461   2.049753
 605  -39735.631023   2.050976
 606  -39735.6300864   2.051913
 607  -39735.6286363   2.053363
 608  -39735.6225864   2.059413
 609  -39735.6171713   2.064828
 610  -39735.6152496   2.066750
 611  -39735.6123307   2.069669
 612  -39735.6122348   2.069765
 613  -39735.6113526   2.070647
 614  -39735.6058106   2.076189
 615  -39735.6024035   2.079596
 616  -39735.5830897   2.098910
 617  -39735.5824273   2.099572
 618  -39735.5791738   2.102826
 619  -39735.5754285   2.106571
 620  -39735.5674482   2.114551
 621  -39735.5606493   2.121350
 622  -39735.5536632   2.128336
 623  -39735.5534822   2.128517
 624  -39735.5511258   2.130874
 625  -39735.5439133   2.138086
 626  -39735.5410186   2.140981
 627  -39735.5318858   2.150114
 628  -39735.5207848   2.161215
 629  -39735.5178781   2.164121
 630  -39735.5139194   2.168080
 631  -39735.5119892   2.170010
 632  -39735.5098468   2.172153
 633  -39735.509572   2.172427
 634  -39735.5086811   2.173318
 635  -39735.5033174   2.178682
 636  -39735.5023898   2.179610
 637  -39735.4961734   2.185826
 638  -39735.4829767   2.199023
 639  -39735.4772433   2.204756
 640  -39735.4759167   2.206083
 641  -39735.4672414   2.214758
 642  -39735.4646887   2.217311
 643  -39735.4506659   2.231333
 644  -39735.4434872   2.238512
 645  -39735.4427243   2.239275
 646  -39735.4329664   2.249033
 647  -39735.428164   2.253835
 648  -39735.4237075   2.258292
 649  -39735.4221228   2.259877
 650  -39735.4135004   2.268499
 651  -39735.4128692   2.269130
 652  -39735.4064517   2.275548
 653  -39735.4038941   2.278105
 654  -39735.3872995   2.294700
 655  -39735.3858841   2.296115
 656  -39735.3825703   2.299429
 657  -39735.381583   2.300416
 658  -39735.3810694   2.300930
 659  -39735.3600368   2.321963
 660  -39735.3587053   2.323294
 661  -39735.354685   2.327314
 662  -39735.3521815   2.329818
 663  -39735.3391746   2.342825
 664  -39735.3383915   2.343608
 665  -39735.3362062   2.345793
 666  -39735.3308597   2.351140
 667  -39735.3213932   2.360606
 668  -39735.3205345   2.361465
 669  -39735.3178457   2.364154
 670  -39735.3109904   2.371009
 671  -39735.3089468   2.373053
 672  -39735.3070516   2.374948
 673  -39735.3024838   2.379516
 674  -39735.2977552   2.384244
 675  -39735.2977343   2.384265
 676  -39735.2923787   2.389621
 677  -39735.2820628   2.399937
 678  -39735.2806022   2.401397
 679  -39735.280173   2.401826
 680  -39735.2736926   2.408307
 681  -39735.2719387   2.410061
 682  -39735.270205   2.411794
 683  -39735.2684208   2.413579
 684  -39735.2593001   2.422699
 685  -39735.2581475   2.423852
 686  -39735.2540448   2.427955
 687  -39735.2479836   2.434016
 688  -39735.2456195   2.436380
 689  -39735.2341619   2.447838
 690  -39735.2329744   2.449025
 691  -39735.2292502   2.452749
 692  -39735.2265761   2.455423
 693  -39735.2206874   2.461312
 694  -39735.2045277   2.477472
 695  -39735.1927785   2.489221
 696  -39735.191696   2.490303
 697  -39735.1902119   2.491788
 698  -39735.1894336   2.492566
 699  -39735.1868557   2.495144
 700  -39735.1860297   2.495970
 701  -39735.1830333   2.498966
 702  -39735.1825699   2.499430
 703  -39735.1770171   2.504982
 704  -39735.1742115   2.507788
 705  -39735.1717866   2.510213
 706  -39735.1714081   2.510591
 707  -39735.1709911   2.511008
 708  -39735.1703028   2.511697
 709  -39735.1572098   2.524790
 710  -39735.1564089   2.525591
 711  -39735.1546757   2.527324
 712  -39735.1466774   2.535322
 713  -39735.1457435   2.536256
 714  -39735.1452583   2.536741
 715  -39735.1367221   2.545277
 716  -39735.1355199   2.546480
 717  -39735.1295183   2.552481
 718  -39735.1276053   2.554394
 719  -39735.1261132   2.555886
 720  -39735.1261082   2.555891
 721  -39735.1199666   2.562033
 722  -39735.1155409   2.566459
 723  -39735.1144432   2.567556
 724  -39735.1135345   2.568465
 725  -39735.1128655   2.569134
 726  -39735.1049541   2.577045
 727  -39735.1008474   2.581152
 728  -39735.0996485   2.582351
 729  -39735.0907838   2.591216
 730  -39735.0898997   2.592100
 731  -39735.0893192   2.592680
 732  -39735.0835891   2.598410
 733  -39735.0758316   2.606168
 734  -39735.0755946   2.606405
 735  -39735.0755663   2.606433
 736  -39735.0676611   2.614338
 737  -39735.0633864   2.618613
 738  -39735.0607304   2.621269
 739  -39735.0507738   2.631226
 740  -39735.0499131   2.632086
 741  -39735.0436819   2.638318
 742  -39735.038981   2.643018
 743  -39735.0301767   2.651823
 744  -39735.023496   2.658503
 745  -39735.0217308   2.660269
 746  -39735.0196184   2.662381
 747  -39735.008362   2.673637
 748  -39735.0058806   2.676119
 749  -39735.0002052   2.681794
 750  -39734.9999221   2.682077
 751  -39734.9979685   2.684031
 752  -39734.9967269   2.685273
 753  -39734.9933705   2.688629
 754  -39734.9929363   2.689063
 755  -39734.9895225   2.692477
 756  -39734.9865958   2.695404
 757  -39734.9859877   2.696012
 758  -39734.9834089   2.698591
 759  -39734.9774853   2.704514
 760  -39734.975708   2.706291
 761  -39734.9635048   2.718495
 762  -39734.9595353   2.722464
 763  -39734.9593583   2.722641
 764  -39734.9550249   2.726975
 765  -39734.9478558   2.734144
 766  -39734.9357235   2.746276
 767  -39734.9327561   2.749243
 768  -39734.9296008   2.752399
 769  -39734.9251487   2.756851
 770  -39734.9199661   2.762033
 771  -39734.9095785   2.772421
 772  -39734.8998   2.782199
 773  -39734.882346   2.799653
 774  -39734.8712221   2.810777
 775  -39734.865493   2.816506
 776  -39734.859825   2.822174
 777  -39734.8540972   2.827902
 778  -39734.8534504   2.828549
 779  -39734.8498824   2.832117
 780  -39734.8441777   2.837822
 781  -39734.8441512   2.837848
 782  -39734.828837   2.853162
 783  -39734.8182025   2.863797
 784  -39734.8176377   2.864362
 785  -39734.8073883   2.874611
 786  -39734.7883026   2.893697
 787  -39734.778238   2.903761
 788  -39734.7650615   2.916938
 789  -39734.7631689   2.918831
 790  -39734.7588508   2.923149
 791  -39734.7568235   2.925176
 792  -39734.7265969   2.955403
 793  -39734.7165137   2.965486
 794  -39734.69155   2.990449
 795  -39734.6899669   2.992033
 796  -39734.6741952   3.007804
 797  -39734.6673328   3.014667
 798  -39734.66281   3.019189
 799  -39734.6487109   3.033289
 800  -39734.6404471   3.041552
 801  -39734.6270855   3.054914
 802  -39734.6132217   3.068778
 803  -39734.6044146   3.077585
 804  -39734.6037918   3.078208
 805  -39734.5751572   3.106842
 806  -39734.5746065   3.107393
 807  -39734.5697536   3.112246
 808  -39734.5649305   3.117069
 809  -39734.5629946   3.119005
 810  -39734.543758   3.138241
 811  -39734.5201995   3.161800
 812  -39734.5184751   3.163524
 813  -39734.5109087   3.171091
 814  -39734.4898   3.192199
 815  -39734.4774089   3.204591
 816  -39734.4649245   3.217075
 817  -39734.4642269   3.217773
 818  -39734.4592265   3.222773
 819  -39734.44459   3.237409
 820  -39734.4391109   3.242889
 821  -39734.4302575   3.251742
 822  -39734.4206567   3.261343
 823  -39734.411465   3.270534
 824  -39734.4037896   3.278210
 825  -39734.3894988   3.292501
 826  -39734.3831432   3.298856
 827  -39734.382527   3.299472
 828  -39734.3741295   3.307870
 829  -39734.3637507   3.318249
 830  -39734.3562334   3.325766
 831  -39734.3424238   3.339576
 832  -39734.2796693   3.402330
 833  -39734.2101152   3.471884
 834  -39734.1347719   3.547228
 835  -39734.0595654   3.622434
 836  -39733.9486402   3.733359
 837  -39733.8655168   3.816483
 838  -39733.8009547   3.881045
 839  -39733.7926072   3.889392
 840  -39733.7771418   3.904858
 841  -39733.7504388   3.931561
 842  -39733.7265039   3.955496
 843  -39733.7044507   3.977549
 844  -39733.6842444   3.997755
 845  -39733.5824165   4.099583
