# Relative energy hierarchy for protonated Ac-Arg-NMe conformations
# Calculated with PBE+vdW (tier 2 basis)
# Conf.    Energy./ [eV]     Rel. energy./ [eV]
#
   1  -39742.3073107   0.000000
   2  -39742.3062053   0.001105
   3  -39742.3057708   0.001540
   4  -39742.3052343   0.002076
   5  -39742.3046807   0.002630
   6  -39742.3037214   0.003589
   7  -39742.3033248   0.003986
   8  -39742.2645568   0.042754
   9  -39742.2640393   0.043271
  10  -39742.2638969   0.043414
  11  -39742.2634533   0.043857
  12  -39742.263186   0.044125
  13  -39742.2630128   0.044298
  14  -39742.2629654   0.044345
  15  -39742.2629427   0.044368
  16  -39742.2628712   0.044440
  17  -39742.2625367   0.044774
  18  -39742.2624505   0.044860
  19  -39742.2509016   0.056409
  20  -39742.2500372   0.057274
  21  -39742.2498301   0.057481
  22  -39742.2494739   0.057837
  23  -39742.2489141   0.058397
  24  -39742.2078917   0.099419
  25  -39742.2070774   0.100233
  26  -39742.2065356   0.100775
  27  -39742.2048108   0.102500
  28  -39742.1942767   0.113034
  29  -39742.1931864   0.114124
  30  -39742.1926707   0.114640
  31  -39742.1919036   0.115407
  32  -39742.1860578   0.121253
  33  -39742.185299   0.122012
  34  -39742.176803   0.130508
  35  -39742.1760286   0.131282
  36  -39742.1746706   0.132640
  37  -39742.1735433   0.133767
  38  -39742.1730422   0.134269
  39  -39742.1703473   0.136963
  40  -39742.1608653   0.146445
  41  -39742.1561374   0.151173
  42  -39742.155924   0.151387
  43  -39742.1555328   0.151778
  44  -39742.1554922   0.151819
  45  -39742.1554794   0.151831
  46  -39742.1553677   0.151943
  47  -39742.155308   0.152003
  48  -39742.1551926   0.152118
  49  -39742.147349   0.159962
  50  -39742.1466606   0.160650
  51  -39742.1447284   0.162582
  52  -39742.1436288   0.163682
  53  -39742.1433923   0.163918
  54  -39742.1429785   0.164332
  55  -39742.1412208   0.166090
  56  -39742.139537   0.167774
  57  -39742.1337954   0.173515
  58  -39742.1330555   0.174255
  59  -39742.1289012   0.178410
  60  -39742.1279047   0.179406
  61  -39742.1273575   0.179953
  62  -39742.1273049   0.180006
  63  -39742.1267379   0.180573
  64  -39742.1187986   0.188512
  65  -39742.1177416   0.189569
  66  -39742.1162079   0.191103
  67  -39742.1153819   0.191929
  68  -39742.1149698   0.192341
  69  -39742.1117877   0.195523
  70  -39742.1110986   0.196212
  71  -39742.1104089   0.196902
  72  -39742.1101082   0.197202
  73  -39742.1100485   0.197262
  74  -39742.1094958   0.197815
  75  -39742.108344   0.198967
  76  -39742.1057225   0.201588
  77  -39742.1050559   0.202255
  78  -39742.104507   0.202804
  79  -39742.1043699   0.202941
  80  -39742.1040037   0.203307
  81  -39742.1034805   0.203830
  82  -39742.1029417   0.204369
  83  -39742.1021843   0.205126
  84  -39742.1012021   0.206109
  85  -39742.1003838   0.206927
  86  -39742.0899951   0.217316
  87  -39742.0894381   0.217873
  88  -39742.0850954   0.222215
  89  -39742.0821718   0.225139
  90  -39742.0811801   0.226131
  91  -39742.0809625   0.226348
  92  -39742.0779226   0.229388
  93  -39742.0771136   0.230197
  94  -39742.0742536   0.233057
  95  -39742.0738748   0.233436
  96  -39742.0735901   0.233721
  97  -39742.0735071   0.233804
  98  -39742.0733926   0.233918
  99  -39742.0732319   0.234079
 100  -39742.0731431   0.234168
 101  -39742.0726275   0.234683
 102  -39742.0592211   0.248090
 103  -39742.0585269   0.248784
 104  -39742.0578215   0.249489
 105  -39742.0549717   0.252339
 106  -39742.0512288   0.256082
 107  -39742.0501229   0.257188
 108  -39742.0498801   0.257431
 109  -39742.0497919   0.257519
 110  -39742.0494691   0.257842
 111  -39742.0489923   0.258318
 112  -39742.0478993   0.259411
 113  -39742.0470678   0.260243
 114  -39742.0442191   0.263092
 115  -39742.0395103   0.267800
 116  -39742.0384886   0.268822
 117  -39742.0367312   0.270580
 118  -39742.036227   0.271084
 119  -39742.0357458   0.271565
 120  -39742.0356978   0.271613
 121  -39742.0355412   0.271770
 122  -39742.0352882   0.272023
 123  -39742.0348529   0.272458
 124  -39742.034361   0.272950
 125  -39742.0233313   0.283979
 126  -39742.023015   0.284296
 127  -39742.0217357   0.285575
 128  -39742.0155897   0.291721
 129  -39742.01507   0.292241
 130  -39742.0145871   0.292724
 131  -39742.0145314   0.292779
 132  -39742.0142452   0.293066
 133  -39742.0104697   0.296841
 134  -39742.0047477   0.302563
 135  -39742.0040281   0.303283
 136  -39742.003689   0.303622
 137  -39742.0033052   0.304006
 138  -39742.0030119   0.304299
 139  -39742.0026711   0.304640
 140  -39742.0020617   0.305249
 141  -39741.9965489   0.310762
 142  -39741.9950292   0.312282
 143  -39741.9914948   0.315816
 144  -39741.989954   0.317357
 145  -39741.9839778   0.323333
 146  -39741.9813024   0.326008
 147  -39741.9812797   0.326031
 148  -39741.9807853   0.326525
 149  -39741.9797706   0.327540
 150  -39741.9792662   0.328044
 151  -39741.9790372   0.328274
 152  -39741.9741861   0.333125
 153  -39741.9733616   0.333949
 154  -39741.9724447   0.334866
 155  -39741.9711184   0.336192
 156  -39741.9703023   0.337008
 157  -39741.9695829   0.337728
 158  -39741.9684113   0.338899
 159  -39741.9680141   0.339297
 160  -39741.9678701   0.339441
 161  -39741.9649281   0.342383
 162  -39741.9637797   0.343531
 163  -39741.9634897   0.343821
 164  -39741.9631848   0.344126
 165  -39741.9617887   0.345522
 166  -39741.9612629   0.346048
 167  -39741.9596703   0.347640
 168  -39741.957942   0.349369
 169  -39741.9574249   0.349886
 170  -39741.9544791   0.352832
 171  -39741.9539538   0.353357
 172  -39741.9536151   0.353696
 173  -39741.9489686   0.358342
 174  -39741.9486903   0.358620
 175  -39741.9482705   0.359040
 176  -39741.9477771   0.359534
 177  -39741.9463214   0.360989
 178  -39741.9460997   0.361211
 179  -39741.9452994   0.362011
 180  -39741.9447999   0.362511
 181  -39741.9406115   0.366699
 182  -39741.9399328   0.367378
 183  -39741.9397904   0.367520
 184  -39741.9393867   0.367924
 185  -39741.933427   0.373884
 186  -39741.9327595   0.374551
 187  -39741.9316652   0.375646
 188  -39741.9314735   0.375837
 189  -39741.931277   0.376034
 190  -39741.9311074   0.376203
 191  -39741.9306653   0.376645
 192  -39741.929527   0.377784
 193  -39741.9234261   0.383885
 194  -39741.9192266   0.388084
 195  -39741.9181384   0.389172
 196  -39741.8919714   0.415339
 197  -39741.869985   0.437326
 198  -39741.8663801   0.440931
 199  -39741.8654357   0.441875
 200  -39741.8652344   0.442076
 201  -39741.862991   0.444320
 202  -39741.847559   0.459752
 203  -39741.8436406   0.463670
 204  -39741.8370869   0.470224
 205  -39741.8306802   0.476631
 206  -39741.8304633   0.476847
 207  -39741.821114   0.486197
 208  -39741.8070971   0.500214
 209  -39741.7939038   0.513407
 210  -39741.7935863   0.513724
 211  -39741.7922703   0.515040
 212  -39741.7885787   0.518732
 213  -39741.7571002   0.550211
 214  -39741.7390813   0.568229
 215  -39741.7278762   0.579435
 216  -39741.7234906   0.583820
 217  -39741.7173565   0.589954
 218  -39741.7118295   0.595481
 219  -39741.7023961   0.604915
 220  -39741.6904034   0.616907
 221  -39741.688073   0.619238
 222  -39741.6143218   0.692989
 223  -39741.6107886   0.696522
 224  -39741.5620545   0.745256
 225  -39741.5536309   0.753680
 226  -39741.5508327   0.756478
 227  -39741.5460247   0.761286
 228  -39741.5364396   0.770871
 229  -39741.5295469   0.777764
 230  -39741.5268612   0.780450
 231  -39741.5183993   0.788911
 232  -39741.5160655   0.791245
 233  -39741.5144843   0.792826
 234  -39741.5133685   0.793942
 235  -39741.5085753   0.798735
 236  -39741.4720196   0.835291
 237  -39741.4715432   0.835768
 238  -39741.4615086   0.845802
 239  -39741.4611051   0.846206
 240  -39741.4607283   0.846582
 241  -39741.4569799   0.850331
 242  -39741.4527619   0.854549
 243  -39741.4517644   0.855546
 244  -39741.4469112   0.860400
 245  -39741.4384174   0.868893
 246  -39741.4356693   0.871641
 247  -39741.4354502   0.871861
 248  -39741.429806   0.877505
 249  -39741.4244865   0.882824
 250  -39741.416385   0.890926
 251  -39741.415222   0.892089
 252  -39741.4131541   0.894157
 253  -39741.4108829   0.896428
 254  -39741.393828   0.913483
 255  -39741.3924735   0.914837
 256  -39741.3906372   0.916674
 257  -39741.3875004   0.919810
 258  -39741.3861938   0.921117
 259  -39741.3841757   0.923135
 260  -39741.3796528   0.927658
 261  -39741.3768091   0.930502
 262  -39741.3741305   0.933180
 263  -39741.3731722   0.934139
 264  -39741.3650733   0.942237
 265  -39741.3576241   0.949687
 266  -39741.3545939   0.952717
 267  -39741.3533791   0.953932
 268  -39741.3403196   0.966991
 269  -39741.3397282   0.967583
 270  -39741.3364007   0.970910
 271  -39741.3290098   0.978301
 272  -39741.3258375   0.981473
 273  -39741.3056595   1.001651
 274  -39741.299434   1.007877
 275  -39741.2858497   1.021461
 276  -39741.2849455   1.022365
 277  -39741.2761972   1.031114
 278  -39741.2666508   1.040660
 279  -39741.2642642   1.043047
 280  -39741.245841   1.061470
 281  -39741.2435875   1.063723
 282  -39741.2282466   1.079064
 283  -39741.2251766   1.082134
 284  -39741.216654   1.090657
 285  -39741.212885   1.094426
 286  -39741.2015389   1.105772
 287  -39741.178555   1.128756
 288  -39741.1705897   1.136721
 289  -39741.1642258   1.143085
 290  -39741.1482521   1.159059
 291  -39741.1344466   1.172864
 292  -39741.0883437   1.218967
 293  -39741.0724226   1.234888
 294  -39741.0136637   1.293647
 295  -39740.9615842   1.345727
 296  -39740.95663   1.350681
 297  -39740.9045548   1.402756
 298  -39740.8991457   1.408165
 299  -39740.8490361   1.458275
 300  -39740.8447998   1.462511
 301  -39740.8392227   1.468088
 302  -39740.8340276   1.473283
 303  -39740.8332628   1.474048
 304  -39740.8309681   1.476343
 305  -39740.8211785   1.486132
 306  -39740.8170793   1.490231
 307  -39740.8163834   1.490927
 308  -39740.8155282   1.491783
 309  -39740.8100403   1.497270
 310  -39740.7968619   1.510449
 311  -39740.783767   1.523544
 312  -39740.7775576   1.529753
 313  -39740.7746381   1.532673
 314  -39740.7737228   1.533588
 315  -39740.7727596   1.534551
 316  -39740.7683684   1.538942
 317  -39740.7490598   1.558251
 318  -39740.7457655   1.561545
 319  -39740.7423243   1.564986
 320  -39740.7384353   1.568875
 321  -39740.7365269   1.570784
 322  -39740.735836   1.571475
 323  -39740.7355017   1.571809
 324  -39740.7315813   1.575729
 325  -39740.7285019   1.578809
 326  -39740.7270359   1.580275
 327  -39740.726486   1.580825
 328  -39740.7257512   1.581560
 329  -39740.7233551   1.583956
 330  -39740.7190117   1.588299
 331  -39740.7159074   1.591403
 332  -39740.7095696   1.597741
 333  -39740.7065616   1.600749
 334  -39740.7060492   1.601261
 335  -39740.6947302   1.612581
 336  -39740.6928755   1.614435
 337  -39740.6918482   1.615463
 338  -39740.6836838   1.623627
 339  -39740.6819564   1.625354
 340  -39740.6816423   1.625668
 341  -39740.6803526   1.626958
 342  -39740.678213   1.629098
 343  -39740.6757578   1.631553
 344  -39740.6693821   1.637929
 345  -39740.6632705   1.644040
 346  -39740.6585327   1.648778
 347  -39740.6564804   1.650830
 348  -39740.6560434   1.651267
 349  -39740.6535426   1.653768
 350  -39740.652703   1.654608
 351  -39740.6526175   1.654693
 352  -39740.6521756   1.655135
 353  -39740.6404889   1.666822
 354  -39740.6393688   1.667942
 355  -39740.6343858   1.672925
 356  -39740.6319823   1.675328
 357  -39740.6273926   1.679918
 358  -39740.6247804   1.682530
 359  -39740.6241407   1.683170
 360  -39740.6241069   1.683204
 361  -39740.6233437   1.683967
 362  -39740.6176122   1.689698
 363  -39740.6172669   1.690044
 364  -39740.6168365   1.690474
 365  -39740.6157209   1.691590
 366  -39740.6151772   1.692134
 367  -39740.6138946   1.693416
 368  -39740.6122308   1.695080
 369  -39740.6072581   1.700053
 370  -39740.6031298   1.704181
 371  -39740.6026346   1.704676
 372  -39740.6023827   1.704928
 373  -39740.6011023   1.706208
 374  -39740.599221   1.708090
 375  -39740.5986491   1.708662
 376  -39740.5970921   1.710219
 377  -39740.5936195   1.713691
 378  -39740.5920313   1.715279
 379  -39740.5878429   1.719468
 380  -39740.5872642   1.720046
 381  -39740.5831443   1.724166
 382  -39740.5782522   1.729059
 383  -39740.5772457   1.730065
 384  -39740.5763827   1.730928
 385  -39740.5760377   1.731273
 386  -39740.5755325   1.731778
 387  -39740.57519   1.732121
 388  -39740.5749907   1.732320
 389  -39740.5747697   1.732541
 390  -39740.5675668   1.739744
 391  -39740.5499806   1.757330
 392  -39740.5491199   1.758191
 393  -39740.5432594   1.764051
 394  -39740.5430754   1.764235
 395  -39740.5391534   1.768157
 396  -39740.5377751   1.769536
 397  -39740.5309167   1.776394
 398  -39740.526916   1.780395
 399  -39740.5263658   1.780945
 400  -39740.5233321   1.783979
 401  -39740.522977   1.784334
 402  -39740.5217117   1.785599
 403  -39740.5200592   1.787252
 404  -39740.5194454   1.787865
 405  -39740.5128599   1.794451
 406  -39740.5123955   1.794915
 407  -39740.5111285   1.796182
 408  -39740.5101202   1.797191
 409  -39740.509639   1.797672
 410  -39740.5084565   1.798854
 411  -39740.5061421   1.801169
 412  -39740.5059742   1.801337
 413  -39740.5051011   1.802210
 414  -39740.5040364   1.803274
 415  -39740.4984866   1.808824
 416  -39740.4973776   1.809933
 417  -39740.4966579   1.810653
 418  -39740.496235   1.811076
 419  -39740.4937172   1.813594
 420  -39740.4907314   1.816579
 421  -39740.4885947   1.818716
 422  -39740.4880628   1.819248
 423  -39740.488034   1.819277
 424  -39740.486431   1.820880
 425  -39740.4840993   1.823211
 426  -39740.4839137   1.823397
 427  -39740.4804936   1.826817
 428  -39740.4777706   1.829540
 429  -39740.4755238   1.831787
 430  -39740.4729333   1.834377
 431  -39740.4726504   1.834660
 432  -39740.4708475   1.836463
 433  -39740.4699372   1.837373
 434  -39740.4692539   1.838057
 435  -39740.4690584   1.838252
 436  -39740.4612748   1.846036
 437  -39740.4611842   1.846127
 438  -39740.4600195   1.847291
 439  -39740.4590923   1.848218
 440  -39740.4562854   1.851025
 441  -39740.4544898   1.852821
 442  -39740.4485931   1.858718
 443  -39740.4484369   1.858874
 444  -39740.4445597   1.862751
 445  -39740.4404801   1.866831
 446  -39740.4345035   1.872807
 447  -39740.4339008   1.873410
 448  -39740.4312155   1.876095
 449  -39740.4309211   1.876390
 450  -39740.4276666   1.879644
 451  -39740.4263226   1.880988
 452  -39740.4234585   1.883852
 453  -39740.4157647   1.891546
 454  -39740.4145539   1.892757
 455  -39740.4140346   1.893276
 456  -39740.413125   1.894186
 457  -39740.4076054   1.899705
 458  -39740.4062368   1.901074
 459  -39740.4058221   1.901489
 460  -39740.4055385   1.901772
 461  -39740.4033194   1.903991
 462  -39740.4032308   1.904080
 463  -39740.4014699   1.905841
 464  -39740.4004868   1.906824
 465  -39740.3975572   1.909754
 466  -39740.3951276   1.912183
 467  -39740.3923067   1.915004
 468  -39740.388655   1.918656
 469  -39740.3849835   1.922327
 470  -39740.3710649   1.936246
 471  -39740.3698133   1.937497
 472  -39740.3697219   1.937589
 473  -39740.3696949   1.937616
 474  -39740.3694321   1.937879
 475  -39740.3688377   1.938473
 476  -39740.3660033   1.941307
 477  -39740.365064   1.942247
 478  -39740.3622884   1.945022
 479  -39740.3610788   1.946232
 480  -39740.3565436   1.950767
 481  -39740.3549389   1.952372
 482  -39740.3546712   1.952639
 483  -39740.3522432   1.955067
 484  -39740.3480874   1.959223
 485  -39740.3471941   1.960117
 486  -39740.3465522   1.960759
 487  -39740.3450343   1.962276
 488  -39740.3434833   1.963827
 489  -39740.3361004   1.971210
 490  -39740.332003   1.975308
 491  -39740.3307028   1.976608
 492  -39740.3272997   1.980011
 493  -39740.3201788   1.987132
 494  -39740.3189536   1.988357
 495  -39740.313523   1.993788
 496  -39740.3014995   2.005811
 497  -39740.3006414   2.006669
 498  -39740.2993575   2.007953
 499  -39740.2956918   2.011619
 500  -39740.2954473   2.011863
 501  -39740.2892887   2.018022
 502  -39740.2866973   2.020613
 503  -39740.2857869   2.021524
 504  -39740.2726495   2.034661
 505  -39740.2688907   2.038420
 506  -39740.2685859   2.038725
 507  -39740.265839   2.041472
 508  -39740.2616487   2.045662
 509  -39740.2537969   2.053514
 510  -39740.2534834   2.053827
 511  -39740.2447908   2.062520
 512  -39740.2396781   2.067633
 513  -39740.2352666   2.072044
 514  -39740.2350204   2.072290
 515  -39740.23146   2.075851
 516  -39740.2226232   2.084687
 517  -39740.2204017   2.086909
 518  -39740.2200194   2.087291
 519  -39740.2190406   2.088270
 520  -39740.2125802   2.094731
 521  -39740.2125137   2.094797
 522  -39740.2123322   2.094979
 523  -39740.2123274   2.094983
 524  -39740.2107813   2.096529
 525  -39740.2054097   2.101901
 526  -39740.2040755   2.103235
 527  -39740.202323   2.104988
 528  -39740.1854256   2.121885
 529  -39740.185031   2.122280
 530  -39740.1836076   2.123703
 531  -39740.1789543   2.128356
 532  -39740.1729685   2.134342
 533  -39740.1621879   2.145123
 534  -39740.1560781   2.151233
 535  -39740.1520998   2.155211
 536  -39740.1512272   2.156083
 537  -39740.1493851   2.157926
 538  -39740.1479095   2.159401
 539  -39740.1388759   2.168435
 540  -39740.138054   2.169257
 541  -39740.1303345   2.176976
 542  -39740.1235384   2.183772
 543  -39740.1195668   2.187744
 544  -39740.1179162   2.189395
 545  -39740.1150283   2.192282
 546  -39740.1052204   2.202090
 547  -39740.1027513   2.204559
 548  -39740.0993136   2.207997
 549  -39740.098152   2.209159
 550  -39740.0975404   2.209770
 551  -39740.0915726   2.215738
 552  -39740.08844   2.218871
 553  -39740.0848329   2.222478
 554  -39740.0828971   2.224414
 555  -39740.0707846   2.236526
 556  -39740.0705028   2.236808
 557  -39740.0482344   2.259076
 558  -39740.0311173   2.276193
 559  -39740.0272597   2.280051
 560  -39740.0266507   2.280660
 561  -39740.010959   2.296352
 562  -39740.00708   2.300231
 563  -39740.0061727   2.301138
 564  -39739.9921588   2.315152
 565  -39739.9873476   2.319963
 566  -39739.9834459   2.323865
 567  -39739.9706634   2.336647
 568  -39739.9698607   2.337450
 569  -39739.9581962   2.349115
 570  -39739.9574375   2.349873
 571  -39739.9310327   2.376278
 572  -39739.9252953   2.382015
 573  -39739.9194259   2.387885
 574  -39739.9103881   2.396923
 575  -39739.8941426   2.413168
 576  -39739.8885975   2.418713
 577  -39739.8859531   2.421358
 578  -39739.8838221   2.423489
 579  -39739.8804864   2.426824
 580  -39739.867412   2.439899
 581  -39739.8621205   2.445190
 582  -39739.8595569   2.447754
 583  -39739.8521731   2.455138
 584  -39739.8425108   2.464800
 585  -39739.8210253   2.486285
 586  -39739.8092201   2.498091
 587  -39739.7970814   2.510229
 588  -39739.7919389   2.515372
 589  -39739.7723554   2.534955
 590  -39739.7112293   2.596081
 591  -39739.7077038   2.599607
 592  -39739.6864338   2.620877
 593  -39739.6736377   2.633673
 594  -39739.6375423   2.669768
 595  -39739.6305788   2.676732
 596  -39739.6300099   2.677301
 597  -39739.6261438   2.681167
 598  -39739.6249608   2.682350
 599  -39739.6233728   2.683938
 600  -39739.6162941   2.691017
 601  -39739.6013633   2.705947
 602  -39739.5971076   2.710203
 603  -39739.5932408   2.714070
 604  -39739.5877634   2.719547
 605  -39739.5826941   2.724617
 606  -39739.5823255   2.724985
 607  -39739.5787362   2.728575
 608  -39739.5775897   2.729721
 609  -39739.5768982   2.730413
 610  -39739.5666089   2.740702
 611  -39739.5617652   2.745546
 612  -39739.53778   2.769531
 613  -39739.5301346   2.777176
 614  -39739.5146418   2.792669
 615  -39739.4649347   2.842376
 616  -39739.4583672   2.848944
 617  -39739.441883   2.865428
 618  -39739.4107912   2.896519
 619  -39739.3820528   2.925258
 620  -39739.1908801   3.116431
