# Relative energy hierarchy for Ac-Lysh-NMe conformations
# Calculated with PBE+vdW (tier 2 basis)
# Conf.    Energy./ [eV]     Rel. energy./ [eV]
#
   1  -571611.7485322   0.000000
   2  -571611.7362733   0.012259
   3  -571611.6143410   0.134191
   4  -571611.6120365   0.136496
   5  -571611.6061641   0.142368
   6  -571611.6042911   0.144241
   7  -571611.6031340   0.145398
   8  -571611.6028361   0.145696
   9  -571611.6016018   0.146930
  10  -571611.6008185   0.147714
  11  -571611.6004971   0.148035
  12  -571611.5844643   0.164068
  13  -571611.5733871   0.175145
  14  -571611.5537074   0.194825
  15  -571611.5530142   0.195518
  16  -571611.5507208   0.197811
  17  -571611.5404728   0.208059
  18  -571611.5365124   0.212020
  19  -571611.5333447   0.215187
  20  -571611.5318892   0.216643
  21  -571611.5297079   0.218824
  22  -571611.5226945   0.225838
  23  -571611.4776702   0.270862
  24  -571611.4775345   0.270998
  25  -571611.4768363   0.271696
  26  -571611.4761019   0.272430
  27  -571611.4673708   0.281161
  28  -571611.4671285   0.281404
  29  -571611.4668872   0.281645
  30  -571611.4662622   0.282270
  31  -571611.4657043   0.282828
  32  -571611.4488333   0.299699
  33  -571611.4382590   0.310273
  34  -571611.4339881   0.314544
  35  -571611.4279468   0.320585
  36  -571611.4243389   0.324193
  37  -571611.4219389   0.326593
  38  -571611.4216956   0.326837
  39  -571611.4213793   0.327153
  40  -571611.4189246   0.329608
  41  -571611.4108508   0.337681
  42  -571611.4106303   0.337902
  43  -571611.4103046   0.338228
  44  -571611.4099998   0.338532
  45  -571611.4092571   0.339275
  46  -571611.4092091   0.339323
  47  -571611.3893335   0.359199
  48  -571611.3864880   0.362044
  49  -571611.3840009   0.364531
  50  -571611.3768817   0.371650
  51  -571611.3700004   0.378532
  52  -571611.3611016   0.387431
  53  -571611.3592492   0.389283
  54  -571611.3510621   0.397470
  55  -571611.3418613   0.406671
  56  -571611.3416952   0.406837
  57  -571611.3407346   0.407798
  58  -571611.3404161   0.408116
  59  -571611.3387543   0.409778
  60  -571611.3384624   0.410070
  61  -571611.3336449   0.414887
  62  -571611.3292110   0.419321
  63  -571611.3292098   0.419322
  64  -571611.3286654   0.419867
  65  -571611.3165892   0.431943
  66  -571611.3056668   0.442865
  67  -571611.2977335   0.450799
  68  -571611.2942918   0.454240
  69  -571611.2920220   0.456510
  70  -571611.2893176   0.459215
  71  -571611.2890321   0.459500
  72  -571611.2861251   0.462407
  73  -571611.2835495   0.464983
  74  -571611.2773642   0.471168
  75  -571611.2674436   0.481089
  76  -571611.2644805   0.484052
  77  -571611.2630451   0.485487
  78  -571611.2627287   0.485804
  79  -571611.2625099   0.486022
  80  -571611.2617271   0.486805
  81  -571611.2585169   0.490015
  82  -571611.2516907   0.496842
  83  -571611.2499255   0.498607
  84  -571611.2486138   0.499918
  85  -571611.2481115   0.500421
  86  -571611.2480446   0.500488
  87  -571611.2449497   0.503583
  88  -571611.2442261   0.504306
  89  -571611.2438568   0.504675
  90  -571611.2430725   0.505460
  91  -571611.2338494   0.514683
  92  -571611.2203764   0.528156
  93  -571611.2194668   0.529065
  94  -571611.2130886   0.535444
  95  -571611.2088425   0.539690
  96  -571611.2085820   0.539950
  97  -571611.2038807   0.544651
  98  -571611.1987708   0.549761
  99  -571611.1986391   0.549893
 100  -571611.1974676   0.551065
 101  -571611.1917761   0.556756
 102  -571611.1847945   0.563738
 103  -571611.1844521   0.564080
 104  -571611.1831894   0.565343
 105  -571611.1831678   0.565364
 106  -571611.1789975   0.569535
 107  -571611.1789406   0.569592
 108  -571611.1716645   0.576868
 109  -571611.1714506   0.577082
 110  -571611.1707597   0.577772
 111  -571611.1617068   0.586825
 112  -571611.1573437   0.591189
 113  -571611.1559918   0.592540
 114  -571611.1556469   0.592885
 115  -571611.1544215   0.594111
 116  -571611.1543752   0.594157
 117  -571611.1542381   0.594294
 118  -571611.1542173   0.594315
 119  -571611.1538904   0.594642
 120  -571611.1532977   0.595235
 121  -571611.1453296   0.603203
 122  -571611.1441420   0.604390
 123  -571611.1422384   0.606294
 124  -571611.1307198   0.617812
 125  -571611.1299753   0.618557
 126  -571611.1285935   0.619939
 127  -571611.1235793   0.624953
 128  -571611.1229800   0.625552
 129  -571611.1229126   0.625620
 130  -571611.1227334   0.625799
 131  -571611.1222688   0.626263
 132  -571611.1217466   0.626786
 133  -571611.1163830   0.632149
 134  -571611.1160545   0.632478
 135  -571611.1159422   0.632590
 136  -571611.1146274   0.633905
 137  -571611.1141477   0.634384
 138  -571611.1069852   0.641547
 139  -571611.1052131   0.643319
 140  -571611.1049258   0.643606
 141  -571611.1047722   0.643760
 142  -571611.1047620   0.643770
 143  -571611.1036199   0.644912
 144  -571611.1031930   0.645339
 145  -571611.0968890   0.651643
 146  -571611.0952873   0.653245
 147  -571611.0930571   0.655475
 148  -571611.0917143   0.656818
 149  -571611.0916913   0.656841
 150  -571611.0914830   0.657049
 151  -571611.0913700   0.657162
 152  -571611.0910270   0.657505
 153  -571611.0897844   0.658748
 154  -571611.0887308   0.659801
 155  -571611.0876054   0.660927
 156  -571611.0865529   0.661979
 157  -571611.0857472   0.662785
 158  -571611.0829786   0.665554
 159  -571611.0828376   0.665695
 160  -571611.0809575   0.667575
 161  -571611.0790772   0.669455
 162  -571611.0780851   0.670447
 163  -571611.0780567   0.670476
 164  -571611.0767920   0.671740
 165  -571611.0757685   0.672764
 166  -571611.0755652   0.672967
 167  -571611.0733628   0.675169
 168  -571611.0733311   0.675201
 169  -571611.0676325   0.680900
 170  -571611.0675354   0.680997
 171  -571611.0627362   0.685796
 172  -571611.0621369   0.686395
 173  -571611.0614281   0.687104
 174  -571611.0611908   0.687341
 175  -571611.0606881   0.687844
 176  -571611.0604664   0.688066
 177  -571611.0601827   0.688349
 178  -571611.0577359   0.690796
 179  -571611.0527315   0.695801
 180  -571611.0522151   0.696317
 181  -571611.0481947   0.700337
 182  -571611.0480183   0.700514
 183  -571611.0468562   0.701676
 184  -571611.0433544   0.705178
 185  -571611.0431163   0.705416
 186  -571611.0429397   0.705593
 187  -571611.0428479   0.705684
 188  -571611.0416188   0.706913
 189  -571611.0415412   0.706991
 190  -571611.0382047   0.710328
 191  -571611.0375834   0.710949
 192  -571611.0374958   0.711036
 193  -571611.0366019   0.711930
 194  -571611.0295741   0.718958
 195  -571611.0285480   0.719984
 196  -571611.0283098   0.720222
 197  -571611.0282173   0.720315
 198  -571611.0272671   0.721265
 199  -571611.0272516   0.721281
 200  -571611.0269442   0.721588
 201  -571611.0266826   0.721850
 202  -571611.0264830   0.722049
 203  -571611.0228945   0.725638
 204  -571611.0163627   0.732169
 205  -571611.0160584   0.732474
 206  -571611.0137392   0.734793
 207  -571611.0103398   0.738192
 208  -571611.0102509   0.738281
 209  -571611.0069800   0.741552
 210  -571611.0056025   0.742930
 211  -571611.0020958   0.746436
 212  -571611.0006645   0.747868
 213  -571611.0005364   0.747996
 214  -571611.0000277   0.748505
 215  -571610.9976659   0.750866
 216  -571610.9970718   0.751460
 217  -571610.9945931   0.753939
 218  -571610.9938552   0.754677
 219  -571610.9921609   0.756371
 220  -571610.9915552   0.756977
 221  -571610.9910108   0.757521
 222  -571610.9905519   0.757980
 223  -571610.9905378   0.757994
 224  -571610.9894061   0.759126
 225  -571610.9863051   0.762227
 226  -571610.9856185   0.762914
 227  -571610.9795372   0.768995
 228  -571610.9792048   0.769327
 229  -571610.9791719   0.769360
 230  -571610.9786737   0.769858
 231  -571610.9785710   0.769961
 232  -571610.9784303   0.770102
 233  -571610.9773472   0.771185
 234  -571610.9756172   0.772915
 235  -571610.9745705   0.773962
 236  -571610.9728829   0.775649
 237  -571610.9715817   0.776950
 238  -571610.9714379   0.777094
 239  -571610.9712538   0.777278
 240  -571610.9689898   0.779542
 241  -571610.9679479   0.780584
 242  -571610.9677825   0.780750
 243  -571610.9659322   0.782600
 244  -571610.9641139   0.784418
 245  -571610.9638764   0.784656
 246  -571610.9635905   0.784942
 247  -571610.9630426   0.785490
 248  -571610.9628964   0.785636
 249  -571610.9625495   0.785983
 250  -571610.9625495   0.785983
 251  -571610.9577343   0.790798
 252  -571610.9531005   0.795432
 253  -571610.9529960   0.795536
 254  -571610.9526403   0.795892
 255  -571610.9520572   0.796475
 256  -571610.9511453   0.797387
 257  -571610.9506932   0.797839
 258  -571610.9504790   0.798053
 259  -571610.9476421   0.800890
 260  -571610.9468490   0.801683
 261  -571610.9463312   0.802201
 262  -571610.9400036   0.808529
 263  -571610.9399498   0.808582
 264  -571610.9396752   0.808857
 265  -571610.9386550   0.809877
 266  -571610.9385595   0.809973
 267  -571610.9378219   0.810710
 268  -571610.9333887   0.815143
 269  -571610.9332583   0.815274
 270  -571610.9300551   0.818477
 271  -571610.9298150   0.818717
 272  -571610.9293555   0.819177
 273  -571610.9285816   0.819951
 274  -571610.9284260   0.820106
 275  -571610.9257686   0.822764
 276  -571610.9242491   0.824283
 277  -571610.9221144   0.826418
 278  -571610.9200637   0.828469
 279  -571610.9199889   0.828543
 280  -571610.9193975   0.829135
 281  -571610.9188682   0.829664
 282  -571610.9141566   0.834376
 283  -571610.9138477   0.834685
 284  -571610.9137853   0.834747
 285  -571610.9130352   0.835497
 286  -571610.9129544   0.835578
 287  -571610.9127901   0.835742
 288  -571610.9124880   0.836044
 289  -571610.9095467   0.838986
 290  -571610.9075833   0.840949
 291  -571610.9060918   0.842440
 292  -571610.9060466   0.842486
 293  -571610.9045655   0.843967
 294  -571610.9027351   0.845797
 295  -571610.9023939   0.846138
 296  -571610.9016118   0.846920
 297  -571610.9015856   0.846947
 298  -571610.9013915   0.847141
 299  -571610.9010680   0.847464
 300  -571610.9010439   0.847488
 301  -571610.9007482   0.847784
 302  -571610.8997762   0.848756
 303  -571610.8995492   0.848983
 304  -571610.8963926   0.852140
 305  -571610.8955711   0.852961
 306  -571610.8950476   0.853485
 307  -571610.8948063   0.853726
 308  -571610.8931490   0.855383
 309  -571610.8924978   0.856034
 310  -571610.8924499   0.856082
 311  -571610.8920594   0.856473
 312  -571610.8919300   0.856602
 313  -571610.8917974   0.856735
 314  -571610.8914996   0.857033
 315  -571610.8912166   0.857316
 316  -571610.8908184   0.857714
 317  -571610.8903766   0.858156
 318  -571610.8900791   0.858453
 319  -571610.8900038   0.858528
 320  -571610.8896907   0.858842
 321  -571610.8895360   0.858996
 322  -571610.8875878   0.860944
 323  -571610.8873752   0.861157
 324  -571610.8840043   0.864528
 325  -571610.8840043   0.864528
 326  -571610.8827921   0.865740
 327  -571610.8827575   0.865775
 328  -571610.8816737   0.866859
 329  -571610.8784926   0.870040
 330  -571610.8675430   0.880989
 331  -571610.8669883   0.881544
 332  -571610.8669708   0.881561
 333  -571610.8654211   0.883111
 334  -571610.8654211   0.883111
 335  -571610.8646708   0.883861
 336  -571610.8645118   0.884020
 337  -571610.8645084   0.884024
 338  -571610.8617086   0.886824
 339  -571610.8612102   0.887322
 340  -571610.8612012   0.887331
 341  -571610.8608996   0.887633
 342  -571610.8607848   0.887747
 343  -571610.8597531   0.888779
 344  -571610.8586586   0.889874
 345  -571610.8584612   0.890071
 346  -571610.8581825   0.890350
 347  -571610.8576986   0.890834
 348  -571610.8573033   0.891229
 349  -571610.8570994   0.891433
 350  -571610.8567865   0.891746
 351  -571610.8566811   0.891851
 352  -571610.8561343   0.892398
 353  -571610.8559443   0.892588
 354  -571610.8552166   0.893316
 355  -571610.8551761   0.893356
 356  -571610.8536280   0.894904
 357  -571610.8533656   0.895167
 358  -571610.8471592   0.901373
 359  -571610.8401798   0.908352
 360  -571610.8399128   0.908619
 361  -571610.8383331   0.910199
 362  -571610.8373314   0.911201
 363  -571610.8371473   0.911385
 364  -571610.8368728   0.911659
 365  -571610.8363039   0.912228
 366  -571610.8362426   0.912290
 367  -571610.8356993   0.912833
 368  -571610.8346175   0.913915
 369  -571610.8331832   0.915349
 370  -571610.8315092   0.917023
 371  -571610.8281114   0.920421
 372  -571610.8278008   0.920731
 373  -571610.8262398   0.922292
 374  -571610.8236793   0.924853
 375  -571610.8226278   0.925904
 376  -571610.8226076   0.925925
 377  -571610.8219431   0.926589
 378  -571610.8211677   0.927365
 379  -571610.8208192   0.927713
 380  -571610.8197580   0.928774
 381  -571610.8194809   0.929051
 382  -571610.8164383   0.932094
 383  -571610.8158629   0.932669
 384  -571610.8098884   0.938644
 385  -571610.8089547   0.939577
 386  -571610.8083280   0.940204
 387  -571610.8081524   0.940380
 388  -571610.8074716   0.941061
 389  -571610.8069481   0.941584
 390  -571610.8051982   0.943334
 391  -571610.8039939   0.944538
 392  -571610.8035309   0.945001
 393  -571610.8017573   0.946775
 394  -571610.8001523   0.948380
 395  -571610.7998646   0.948668
 396  -571610.7992586   0.949274
 397  -571610.7966568   0.951875
 398  -571610.7965879   0.951944
 399  -571610.7958650   0.952667
 400  -571610.7946151   0.953917
 401  -571610.7945820   0.953950
 402  -571610.7945769   0.953955
 403  -571610.7942878   0.954244
 404  -571610.7891415   0.959391
 405  -571610.7885926   0.959940
 406  -571610.7884751   0.960057
 407  -571610.7867985   0.961734
 408  -571610.7827843   0.965748
 409  -571610.7789738   0.969558
 410  -571610.7765185   0.972014
 411  -571610.7744686   0.974064
 412  -571610.7743300   0.974202
 413  -571610.7740035   0.974529
 414  -571610.7711857   0.977347
 415  -571610.7672741   0.981258
 416  -571610.7666435   0.981889
 417  -571610.7651294   0.983403
 418  -571610.7650586   0.983474
 419  -571610.7636571   0.984875
 420  -571610.7625044   0.986028
 421  -571610.7608417   0.987690
 422  -571610.7595962   0.988936
 423  -571610.7595962   0.988936
 424  -571610.7562247   0.992307
 425  -571610.7557799   0.992752
 426  -571610.7544648   0.994067
 427  -571610.7537841   0.994748
 428  -571610.7529848   0.995547
 429  -571610.7527850   0.995747
 430  -571610.7496712   0.998861
 431  -571610.7457855   1.002747
 432  -571610.7448632   1.003669
 433  -571610.7440424   1.004490
 434  -571610.7403251   1.008207
 435  -571610.7390369   1.009495
 436  -571610.7320034   1.016529
 437  -571610.7311994   1.017333
 438  -571610.7298533   1.018679
 439  -571610.7289851   1.019547
 440  -571610.7284569   1.020075
 441  -571610.7247708   1.023761
 442  -571610.7243203   1.024212
 443  -571610.7241102   1.024422
 444  -571610.7212604   1.027272
 445  -571610.7127101   1.035822
 446  -571610.7115914   1.036941
 447  -571610.7051853   1.043347
 448  -571610.6941807   1.054352
 449  -571610.6924609   1.056071
 450  -571610.6915263   1.057006
 451  -571610.6886259   1.059906
 452  -571610.6839239   1.064608
 453  -571610.6821734   1.066359
 454  -571610.6821699   1.066362
 455  -571610.6812034   1.067329
 456  -571610.6807362   1.067796
 457  -571610.6797178   1.068814
 458  -571610.6796844   1.068848
 459  -571610.6781623   1.070370
 460  -571610.6757263   1.072806
 461  -571610.6755470   1.072985
 462  -571610.6724745   1.076058
 463  -571610.6724262   1.076106
 464  -571610.6701245   1.078408
 465  -571610.6697373   1.078795
 466  -571610.6690092   1.079523
 467  -571610.6687392   1.079793
 468  -571610.6687294   1.079803
 469  -571610.6679708   1.080561
 470  -571610.6615051   1.087027
 471  -571610.6597099   1.088822
 472  -571610.6594781   1.089054
 473  -571610.6504305   1.098102
 474  -571610.6480039   1.100528
 475  -571610.6440867   1.104445
 476  -571610.6390657   1.109466
 477  -571610.6375501   1.110982
 478  -571610.6357049   1.112827
 479  -571610.6288931   1.119639
 480  -571610.6145915   1.133941
 481  -571610.6142246   1.134308
 482  -571610.6089077   1.139624
 483  -571610.6077385   1.140794
 484  -571610.6071005   1.141432
 485  -571610.6029673   1.145565
 486  -571610.5928909   1.155641
 487  -571610.5867772   1.161755
 488  -571610.5740537   1.174479
 489  -571610.5658468   1.182685
 490  -571610.5654387   1.183093
 491  -571610.5577426   1.190790
 492  -571610.5574777   1.191055
 493  -571610.5237711   1.224761
 494  -571610.5220405   1.226492
 495  -571610.5134130   1.235119
 496  -571610.5094286   1.239104
 497  -571610.5028438   1.245688
 498  -571610.4895997   1.258933
 499  -571610.4812682   1.267264
 500  -571610.4703840   1.278148
