# Relative energy hierarchy for Ac-Arg-NMe conformations
# Calculated with PBE+vdW (tier 2 basis)
# Conf.    Energy./ [eV]     Rel. energy./ [eV]
#
   1  -574590.736268   0.000000
   2  -574590.686082   0.050186
   3  -574590.629321   0.106947
   4  -574590.618046   0.118222
   5  -574590.6163   0.119968
   6  -574590.600081   0.136187
   7  -574590.580941   0.155327
   8  -574590.565663   0.170605
   9  -574590.559239   0.177029
  10  -574590.548813   0.187455
  11  -574590.518644   0.217624
  12  -574590.510234   0.226034
  13  -574590.509861   0.226407
  14  -574590.507634   0.228634
  15  -574590.504492   0.231776
  16  -574590.500513   0.235755
  17  -574590.487179   0.249089
  18  -574590.473904   0.262364
  19  -574590.473394   0.262874
  20  -574590.451287   0.284981
  21  -574590.445442   0.290826
  22  -574590.427521   0.308747
  23  -574590.413708   0.322560
  24  -574590.399555   0.336713
  25  -574590.396858   0.339410
  26  -574590.389931   0.346337
  27  -574590.388579   0.347689
  28  -574590.365997   0.370271
  29  -574590.365334   0.370934
  30  -574590.357149   0.379119
  31  -574590.35114   0.385128
  32  -574590.350577   0.385691
  33  -574590.349101   0.387167
  34  -574590.346332   0.389936
  35  -574590.342525   0.393743
  36  -574590.340331   0.395937
  37  -574590.336351   0.399917
  38  -574590.314947   0.421321
  39  -574590.31167   0.424598
  40  -574590.30996   0.426308
  41  -574590.308344   0.427924
  42  -574590.302909   0.433359
  43  -574590.275815   0.460453
  44  -574590.270266   0.466002
  45  -574590.267079   0.469189
  46  -574590.26622   0.470048
  47  -574590.265873   0.470395
  48  -574590.256848   0.479420
  49  -574590.254673   0.481595
  50  -574590.253566   0.482702
  51  -574590.252026   0.484242
  52  -574590.247614   0.488654
  53  -574590.247164   0.489104
  54  -574590.240255   0.496013
  55  -574590.23567   0.500598
  56  -574590.232937   0.503331
  57  -574590.231568   0.504700
  58  -574590.227372   0.508896
  59  -574590.225498   0.510770
  60  -574590.220109   0.516159
  61  -574590.208985   0.527283
  62  -574590.200572   0.535696
  63  -574590.197583   0.538685
  64  -574590.19679   0.539478
  65  -574590.185326   0.550942
  66  -574590.184828   0.551440
  67  -574590.183865   0.552403
  68  -574590.181636   0.554632
  69  -574590.179507   0.556761
  70  -574590.177309   0.558959
  71  -574590.17367   0.562598
  72  -574590.172755   0.563513
  73  -574590.165877   0.570391
  74  -574590.159974   0.576294
  75  -574590.158327   0.577941
  76  -574590.156892   0.579376
  77  -574590.15559   0.580678
  78  -574590.154296   0.581972
  79  -574590.153836   0.582432
  80  -574590.150239   0.586029
  81  -574590.148816   0.587452
  82  -574590.147492   0.588776
  83  -574590.145193   0.591075
  84  -574590.141248   0.595020
  85  -574590.125968   0.610300
  86  -574590.125436   0.610832
  87  -574590.125197   0.611071
  88  -574590.124041   0.612227
  89  -574590.119742   0.616526
  90  -574590.117786   0.618482
  91  -574590.114818   0.621450
  92  -574590.113668   0.622600
  93  -574590.100278   0.635990
  94  -574590.099267   0.637001
  95  -574590.098903   0.637365
  96  -574590.097886   0.638382
  97  -574590.09752   0.638748
  98  -574590.083329   0.652939
  99  -574590.079081   0.657187
 100  -574590.075888   0.660380
 101  -574590.074679   0.661589
 102  -574590.072609   0.663659
 103  -574590.069698   0.666570
 104  -574590.055133   0.681135
 105  -574590.051144   0.685124
 106  -574590.043767   0.692501
 107  -574590.042739   0.693529
 108  -574590.041485   0.694783
 109  -574590.040618   0.695650
 110  -574590.03955   0.696718
 111  -574590.035449   0.700819
 112  -574590.035281   0.700987
 113  -574590.03461   0.701658
 114  -574590.025901   0.710367
 115  -574590.013156   0.723112
 116  -574590.013002   0.723266
 117  -574590.010631   0.725637
 118  -574590.002162   0.734106
 119  -574589.998985   0.737283
 120  -574589.996194   0.740074
 121  -574589.989037   0.747231
 122  -574589.98888   0.747388
 123  -574589.986063   0.750205
 124  -574589.981913   0.754355
 125  -574589.978772   0.757496
 126  -574589.977845   0.758423
 127  -574589.975566   0.760702
 128  -574589.972297   0.763971
 129  -574589.969409   0.766859
 130  -574589.966303   0.769965
 131  -574589.963019   0.773249
 132  -574589.961367   0.774901
 133  -574589.959886   0.776382
 134  -574589.95713   0.779138
 135  -574589.955323   0.780945
 136  -574589.950493   0.785775
 137  -574589.948865   0.787403
 138  -574589.946223   0.790045
 139  -574589.944183   0.792085
 140  -574589.941404   0.794864
 141  -574589.939363   0.796905
 142  -574589.936398   0.799870
 143  -574589.933072   0.803196
 144  -574589.932238   0.804030
 145  -574589.930326   0.805942
 146  -574589.927328   0.808940
 147  -574589.914423   0.821845
 148  -574589.90756   0.828708
 149  -574589.904887   0.831381
 150  -574589.904629   0.831639
 151  -574589.904087   0.832181
 152  -574589.899192   0.837076
 153  -574589.892407   0.843861
 154  -574589.887967   0.848301
 155  -574589.886706   0.849562
 156  -574589.882208   0.854060
 157  -574589.879804   0.856464
 158  -574589.877956   0.858312
 159  -574589.876313   0.859955
 160  -574589.873878   0.862390
 161  -574589.867653   0.868615
 162  -574589.865944   0.870324
 163  -574589.864587   0.871681
 164  -574589.860761   0.875507
 165  -574589.854212   0.882056
 166  -574589.853061   0.883207
 167  -574589.850351   0.885917
 168  -574589.845907   0.890361
 169  -574589.844986   0.891282
 170  -574589.843621   0.892647
 171  -574589.840273   0.895995
 172  -574589.833774   0.902494
 173  -574589.829233   0.907035
 174  -574589.817524   0.918744
 175  -574589.81559   0.920678
 176  -574589.812384   0.923884
 177  -574589.809212   0.927056
 178  -574589.805452   0.930816
 179  -574589.794143   0.942125
 180  -574589.793175   0.943093
 181  -574589.792876   0.943392
 182  -574589.786553   0.949715
 183  -574589.784355   0.951913
 184  -574589.774499   0.961769
 185  -574589.77158   0.964688
 186  -574589.764708   0.971560
 187  -574589.760925   0.975343
 188  -574589.756822   0.979446
 189  -574589.749324   0.986944
 190  -574589.747822   0.988446
 191  -574589.746916   0.989352
 192  -574589.742648   0.993620
 193  -574589.742085   0.994183
 194  -574589.736238   1.000030
 195  -574589.733918   1.002350
 196  -574589.727945   1.008323
 197  -574589.722644   1.013624
 198  -574589.72235   1.013918
 199  -574589.705929   1.030339
 200  -574589.705015   1.031253
 201  -574589.69997   1.036298
 202  -574589.698271   1.037997
 203  -574589.69639   1.039878
 204  -574589.690308   1.045960
 205  -574589.687946   1.048322
 206  -574589.668259   1.068009
 207  -574589.667131   1.069137
 208  -574589.65737   1.078898
 209  -574589.652767   1.083501
 210  -574589.648766   1.087502
 211  -574589.648294   1.087974
 212  -574589.6455   1.090768
 213  -574589.637644   1.098624
 214  -574589.636042   1.100226
 215  -574589.625977   1.110291
 216  -574589.621766   1.114502
 217  -574589.612548   1.123720
 218  -574589.61132   1.124948
 219  -574589.610837   1.125431
 220  -574589.601397   1.134871
 221  -574589.59597   1.140298
 222  -574589.580673   1.155595
 223  -574589.578814   1.157454
 224  -574589.570837   1.165431
 225  -574589.56912   1.167148
 226  -574589.559119   1.177149
 227  -574589.556552   1.179716
 228  -574589.554425   1.181843
 229  -574589.543555   1.192713
 230  -574589.542347   1.193921
 231  -574589.531303   1.204965
 232  -574589.527408   1.208860
 233  -574589.521884   1.214384
 234  -574589.520986   1.215282
 235  -574589.520279   1.215989
 236  -574589.517817   1.218451
 237  -574589.514708   1.221560
 238  -574589.513131   1.223137
 239  -574589.506261   1.230007
 240  -574589.505297   1.230971
 241  -574589.490555   1.245713
 242  -574589.48369   1.252578
 243  -574589.460846   1.275422
 244  -574589.46065   1.275618
 245  -574589.459933   1.276335
 246  -574589.459147   1.277121
 247  -574589.443459   1.292809
 248  -574589.441386   1.294882
 249  -574589.435401   1.300867
 250  -574589.423031   1.313237
 251  -574589.418964   1.317304
 252  -574589.405129   1.331139
 253  -574589.37831   1.357958
 254  -574589.37814   1.358128
 255  -574589.372001   1.364267
 256  -574589.36628   1.369988
 257  -574589.365707   1.370561
 258  -574589.355154   1.381114
 259  -574589.3473   1.388968
 260  -574589.315063   1.421205
 261  -574589.204028   1.532240
 262  -574589.183159   1.553109
 263  -574589.175185   1.561083
 264  -574589.164436   1.571832
 265  -574589.164214   1.572054
 266  -574589.163111   1.573157
 267  -574589.146437   1.589831
 268  -574589.145894   1.590374
 269  -574589.141786   1.594482
 270  -574589.136689   1.599579
 271  -574589.123633   1.612635
 272  -574589.11257   1.623698
 273  -574589.111347   1.624921
 274  -574589.101866   1.634402
 275  -574589.092762   1.643506
 276  -574589.081075   1.655193
 277  -574589.071145   1.665123
 278  -574589.06515   1.671118
 279  -574589.061996   1.674272
 280  -574589.05907   1.677198
 281  -574589.056518   1.679750
 282  -574589.054851   1.681417
 283  -574589.043274   1.692994
 284  -574589.022511   1.713757
 285  -574589.020877   1.715391
 286  -574589.00723   1.729038
 287  -574589.006138   1.730130
 288  -574588.982308   1.753960
 289  -574588.969976   1.766292
 290  -574588.968509   1.767759
 291  -574588.954044   1.782224
 292  -574588.952985   1.783283
 293  -574588.951311   1.784957
 294  -574588.946991   1.789277
 295  -574588.946678   1.789590
 296  -574588.946661   1.789607
 297  -574588.932301   1.803967
 298  -574588.931075   1.805193
 299  -574588.925734   1.810534
 300  -574588.920559   1.815709
 301  -574588.917362   1.818906
 302  -574588.916274   1.819994
 303  -574588.91053   1.825738
 304  -574588.90992   1.826348
 305  -574588.884212   1.852056
 306  -574588.883077   1.853191
 307  -574588.880887   1.855381
 308  -574588.876264   1.860004
 309  -574588.866362   1.869906
 310  -574588.856844   1.879424
 311  -574588.852722   1.883546
 312  -574588.84134   1.894928
 313  -574588.840235   1.896033
 314  -574588.836928   1.899340
 315  -574588.823325   1.912943
 316  -574588.813232   1.923036
 317  -574588.813001   1.923267
 318  -574588.812413   1.923855
 319  -574588.807176   1.929092
 320  -574588.803799   1.932469
 321  -574588.781452   1.954816
 322  -574588.773513   1.962755
 323  -574588.765924   1.970344
 324  -574588.761879   1.974389
 325  -574588.760184   1.976084
 326  -574588.758218   1.978050
 327  -574588.74765   1.988618
 328  -574588.746648   1.989620
 329  -574588.741936   1.994332
 330  -574588.740073   1.996195
 331  -574588.739409   1.996859
 332  -574588.737484   1.998784
 333  -574588.737038   1.999230
 334  -574588.733517   2.002751
 335  -574588.732165   2.004103
 336  -574588.731413   2.004855
 337  -574588.72674   2.009528
 338  -574588.720826   2.015442
 339  -574588.712979   2.023289
 340  -574588.709332   2.026936
 341  -574588.70617   2.030098
 342  -574588.70004   2.036228
 343  -574588.697664   2.038604
 344  -574588.68757   2.048698
 345  -574588.683765   2.052503
 346  -574588.682166   2.054102
 347  -574588.664703   2.071565
 348  -574588.663987   2.072281
 349  -574588.656713   2.079555
 350  -574588.650427   2.085841
 351  -574588.647817   2.088451
 352  -574588.647328   2.088940
 353  -574588.630419   2.105849
 354  -574588.618547   2.117721
 355  -574588.614828   2.121440
 356  -574588.614343   2.121925
 357  -574588.611895   2.124373
 358  -574588.603985   2.132283
 359  -574588.602239   2.134029
 360  -574588.602015   2.134253
 361  -574588.594133   2.142135
 362  -574588.592004   2.144264
 363  -574588.587541   2.148727
 364  -574588.58443   2.151838
 365  -574588.584041   2.152227
 366  -574588.582282   2.153986
 367  -574588.556096   2.180172
 368  -574588.553971   2.182297
 369  -574588.551393   2.184875
 370  -574588.54984   2.186428
 371  -574588.544583   2.191685
 372  -574588.526444   2.209824
 373  -574588.524662   2.211606
 374  -574588.522934   2.213334
 375  -574588.519735   2.216533
 376  -574588.511001   2.225267
 377  -574588.508355   2.227913
 378  -574588.491382   2.244886
 379  -574588.487534   2.248734
 380  -574588.483422   2.252846
 381  -574588.476197   2.260071
 382  -574588.470852   2.265416
 383  -574588.442765   2.293503
 384  -574588.437851   2.298417
 385  -574588.432257   2.304011
 386  -574588.430121   2.306147
 387  -574588.425058   2.311210
 388  -574588.424873   2.311395
 389  -574588.42113   2.315138
 390  -574588.41865   2.317618
 391  -574588.417843   2.318425
 392  -574588.417262   2.319006
 393  -574588.411455   2.324813
 394  -574588.40416   2.332108
 395  -574588.401798   2.334470
 396  -574588.395781   2.340487
 397  -574588.389158   2.347110
 398  -574588.386995   2.349273
 399  -574588.35151   2.384758
 400  -574588.349749   2.386519
 401  -574588.347811   2.388457
 402  -574588.337083   2.399185
 403  -574588.328187   2.408081
 404  -574588.324998   2.411270
 405  -574588.320435   2.415833
 406  -574588.310423   2.425845
 407  -574588.301563   2.434705
 408  -574588.271325   2.464943
 409  -574588.268727   2.467541
 410  -574588.268644   2.467624
 411  -574588.265162   2.471106
 412  -574588.237824   2.498444
 413  -574588.231994   2.504274
 414  -574588.230419   2.505849
 415  -574588.228022   2.508246
 416  -574588.224414   2.511854
 417  -574588.22343   2.512838
 418  -574588.220282   2.515986
 419  -574588.219134   2.517134
 420  -574588.216163   2.520105
 421  -574588.199982   2.536286
 422  -574588.19808   2.538188
 423  -574588.197578   2.538690
 424  -574588.196198   2.540070
 425  -574588.193009   2.543259
 426  -574588.188558   2.547710
 427  -574588.184992   2.551276
 428  -574588.183266   2.553002
 429  -574588.174617   2.561651
 430  -574588.169971   2.566297
 431  -574588.169967   2.566301
 432  -574588.16347   2.572798
 433  -574588.16274   2.573528
 434  -574588.160754   2.575514
 435  -574588.150012   2.586256
 436  -574588.149299   2.586969
 437  -574588.141049   2.595219
 438  -574588.13993   2.596338
 439  -574588.139152   2.597116
 440  -574588.138272   2.597996
 441  -574588.137939   2.598329
 442  -574588.134258   2.602010
 443  -574588.13095   2.605318
 444  -574588.129544   2.606724
 445  -574588.128743   2.607525
 446  -574588.123527   2.612741
 447  -574588.121919   2.614349
 448  -574588.12011   2.616158
 449  -574588.116645   2.619623
 450  -574588.116265   2.620003
 451  -574588.115228   2.621040
 452  -574588.110873   2.625395
 453  -574588.108037   2.628231
 454  -574588.106383   2.629885
 455  -574588.10614   2.630128
 456  -574588.104094   2.632174
 457  -574588.09768   2.638588
 458  -574588.095641   2.640627
 459  -574588.091406   2.644862
 460  -574588.088164   2.648104
 461  -574588.088052   2.648216
 462  -574588.083888   2.652380
 463  -574588.079815   2.656453
 464  -574588.077375   2.658893
 465  -574588.075839   2.660429
 466  -574588.06927   2.666998
 467  -574588.068756   2.667512
 468  -574588.067361   2.668907
 469  -574588.066471   2.669797
 470  -574588.062348   2.673920
 471  -574588.054241   2.682027
 472  -574588.051972   2.684296
 473  -574588.045229   2.691039
 474  -574588.045202   2.691066
 475  -574588.045067   2.691201
 476  -574588.045018   2.691250
 477  -574588.044633   2.691635
 478  -574588.041381   2.694887
 479  -574588.039424   2.696844
 480  -574588.03736   2.698908
 481  -574588.030672   2.705596
 482  -574588.029872   2.706396
 483  -574588.028946   2.707322
 484  -574588.027738   2.708530
 485  -574588.02641   2.709858
 486  -574588.021436   2.714832
 487  -574588.01965   2.716618
 488  -574588.017428   2.718840
 489  -574588.01719   2.719078
 490  -574588.014732   2.721536
 491  -574588.013955   2.722313
 492  -574588.013825   2.722443
 493  -574588.013144   2.723124
 494  -574588.011702   2.724566
 495  -574588.010825   2.725443
 496  -574588.009156   2.727112
 497  -574588.007756   2.728512
 498  -574588.00637   2.729898
 499  -574588.004639   2.731629
 500  -574588.003945   2.732323
 501  -574588.001288   2.734980
 502  -574587.997911   2.738357
 503  -574587.996787   2.739481
 504  -574587.994596   2.741672
 505  -574587.992511   2.743757
 506  -574587.991344   2.744924
 507  -574587.989819   2.746449
 508  -574587.98831   2.747958
 509  -574587.983364   2.752904
 510  -574587.981666   2.754602
 511  -574587.981429   2.754839
 512  -574587.980205   2.756063
 513  -574587.976294   2.759974
 514  -574587.973916   2.762352
 515  -574587.97069   2.765578
 516  -574587.968818   2.767450
 517  -574587.96824   2.768028
 518  -574587.967455   2.768813
 519  -574587.966779   2.769489
 520  -574587.964832   2.771436
 521  -574587.960914   2.775354
 522  -574587.96069   2.775578
 523  -574587.96003   2.776238
 524  -574587.958535   2.777733
 525  -574587.954784   2.781484
 526  -574587.952195   2.784073
 527  -574587.952093   2.784175
 528  -574587.9504   2.785868
 529  -574587.946069   2.790199
 530  -574587.945193   2.791075
 531  -574587.943307   2.792961
 532  -574587.941328   2.794940
 533  -574587.93659   2.799678
 534  -574587.935667   2.800601
 535  -574587.933146   2.803122
 536  -574587.932012   2.804256
 537  -574587.931649   2.804619
 538  -574587.928923   2.807345
 539  -574587.928385   2.807883
 540  -574587.926695   2.809573
 541  -574587.923533   2.812735
 542  -574587.922839   2.813429
 543  -574587.922702   2.813566
 544  -574587.922034   2.814234
 545  -574587.920619   2.815649
 546  -574587.920255   2.816013
 547  -574587.914066   2.822202
 548  -574587.913205   2.823063
 549  -574587.9122   2.824068
 550  -574587.909296   2.826972
 551  -574587.907873   2.828395
 552  -574587.905672   2.830596
 553  -574587.901151   2.835117
 554  -574587.893818   2.842450
 555  -574587.89344   2.842828
 556  -574587.893225   2.843043
 557  -574587.891131   2.845137
 558  -574587.889666   2.846602
 559  -574587.886858   2.849410
 560  -574587.884005   2.852263
 561  -574587.883751   2.852517
 562  -574587.881713   2.854555
 563  -574587.88089   2.855378
 564  -574587.873031   2.863237
 565  -574587.872256   2.864012
 566  -574587.872132   2.864136
 567  -574587.865786   2.870482
 568  -574587.86543   2.870838
 569  -574587.864365   2.871903
 570  -574587.862034   2.874234
 571  -574587.860075   2.876193
 572  -574587.860073   2.876195
 573  -574587.858559   2.877709
 574  -574587.857805   2.878463
 575  -574587.856535   2.879733
 576  -574587.850307   2.885961
 577  -574587.840342   2.895926
 578  -574587.8389   2.897368
 579  -574587.836584   2.899684
 580  -574587.835084   2.901184
 581  -574587.831869   2.904399
 582  -574587.829728   2.906540
 583  -574587.824632   2.911636
 584  -574587.82436   2.911908
 585  -574587.819472   2.916796
 586  -574587.819225   2.917043
 587  -574587.818128   2.918140
 588  -574587.818017   2.918251
 589  -574587.817466   2.918802
 590  -574587.810699   2.925569
 591  -574587.805288   2.930980
 592  -574587.802719   2.933549
 593  -574587.794419   2.941849
 594  -574587.79304   2.943228
 595  -574587.791988   2.944280
 596  -574587.78875   2.947518
 597  -574587.788694   2.947574
 598  -574587.787976   2.948292
 599  -574587.786381   2.949887
 600  -574587.784614   2.951654
 601  -574587.783863   2.952405
 602  -574587.782377   2.953891
 603  -574587.781371   2.954897
 604  -574587.779095   2.957173
 605  -574587.777127   2.959141
 606  -574587.772328   2.963940
 607  -574587.770307   2.965961
 608  -574587.77025   2.966018
 609  -574587.769759   2.966509
 610  -574587.768744   2.967524
 611  -574587.768465   2.967803
 612  -574587.768457   2.967811
 613  -574587.765499   2.970769
 614  -574587.765291   2.970977
 615  -574587.756616   2.979652
 616  -574587.755065   2.981203
 617  -574587.754375   2.981893
 618  -574587.7542   2.982068
 619  -574587.748454   2.987814
 620  -574587.740292   2.995976
 621  -574587.739472   2.996796
 622  -574587.738092   2.998176
 623  -574587.732065   3.004203
 624  -574587.730964   3.005304
 625  -574587.730359   3.005909
 626  -574587.718294   3.017974
 627  -574587.718054   3.018214
 628  -574587.717001   3.019267
 629  -574587.715349   3.020919
 630  -574587.714345   3.021923
 631  -574587.714108   3.022160
 632  -574587.7107   3.025568
 633  -574587.70872   3.027548
 634  -574587.705309   3.030959
 635  -574587.703673   3.032595
 636  -574587.70208   3.034188
 637  -574587.701335   3.034933
 638  -574587.700756   3.035512
 639  -574587.699592   3.036676
 640  -574587.699583   3.036685
 641  -574587.697463   3.038805
 642  -574587.695651   3.040617
 643  -574587.694871   3.041397
 644  -574587.69052   3.045748
 645  -574587.68238   3.053888
 646  -574587.682377   3.053891
 647  -574587.681585   3.054683
 648  -574587.681181   3.055087
 649  -574587.677269   3.058999
 650  -574587.675914   3.060354
 651  -574587.670485   3.065783
 652  -574587.66662   3.069648
 653  -574587.666077   3.070191
 654  -574587.657372   3.078896
 655  -574587.655527   3.080741
 656  -574587.6544   3.081868
 657  -574587.650805   3.085463
 658  -574587.64136   3.094908
 659  -574587.640482   3.095786
 660  -574587.638541   3.097727
 661  -574587.634075   3.102193
 662  -574587.630666   3.105602
 663  -574587.626487   3.109781
 664  -574587.626233   3.110035
 665  -574587.623337   3.112931
 666  -574587.621285   3.114983
 667  -574587.607042   3.129226
 668  -574587.606671   3.129597
 669  -574587.606449   3.129819
 670  -574587.605576   3.130692
 671  -574587.603995   3.132273
 672  -574587.599497   3.136771
 673  -574587.592738   3.143530
 674  -574587.586857   3.149411
 675  -574587.583727   3.152541
 676  -574587.583013   3.153255
 677  -574587.581444   3.154824
 678  -574587.575331   3.160937
 679  -574587.572918   3.163350
 680  -574587.572478   3.163790
 681  -574587.571379   3.164889
 682  -574587.570692   3.165576
 683  -574587.567371   3.168897
 684  -574587.567131   3.169137
 685  -574587.566501   3.169767
 686  -574587.564148   3.172120
 687  -574587.558421   3.177847
 688  -574587.516069   3.220199
 689  -574587.512418   3.223850
 690  -574587.508336   3.227932
 691  -574587.505209   3.231059
 692  -574587.499401   3.236867
 693  -574587.498928   3.237340
 694  -574587.495776   3.240492
 695  -574587.495075   3.241193
 696  -574587.481196   3.255072
 697  -574587.475577   3.260691
 698  -574587.469815   3.266453
 699  -574587.468845   3.267423
 700  -574587.390777   3.345491
