# Relative energy hierarchy for Ac-Lys-NMe conformations
# Calculated with PBE+vdW (tier 2 basis)
# Conf.    Energy./ [eV]     Rel. energy./ [eV]
#
   1  -172329.9952   0.000000
   2  -172329.991279   0.003921
   3  -172329.972658   0.022542
   4  -172329.971699   0.023501
   5  -172329.897443   0.097757
   6  -172329.886639   0.108561
   7  -172329.883264   0.111936
   8  -172329.874863   0.120337
   9  -172329.866259   0.128941
  10  -172329.811174   0.184026
  11  -172329.799905   0.195295
  12  -172329.780071   0.215129
  13  -172329.769973   0.225227
  14  -172329.707941   0.287259
  15  -172329.617635   0.377565
  16  -172329.545565   0.449635
  17  -172329.517153   0.478047
  18  -172329.510686   0.484514
  19  -172329.496897   0.498303
  20  -172329.429663   0.565537
  21  -172329.426972   0.568228
  22  -172329.410321   0.584879
  23  -172329.41028   0.584920
  24  -172329.405912   0.589288
  25  -172329.4045   0.590700
  26  -172329.398467   0.596733
  27  -172329.38461   0.610590
  28  -172329.358679   0.636521
  29  -172329.346589   0.648611
  30  -172329.344648   0.650552
  31  -172329.263303   0.731897
  32  -172329.25803   0.737170
  33  -172329.244808   0.750392
  34  -172329.220866   0.774334
  35  -172329.184   0.811200
  36  -172329.181095   0.814105
  37  -172329.140779   0.854421
  38  -172329.118996   0.876204
  39  -172329.094529   0.900671
  40  -172329.032512   0.962688
  41  -172329.016298   0.978902
  42  -172329.002961   0.992239
  43  -172328.873029   1.122171
  44  -172328.832386   1.162814
  45  -172328.815161   1.180039
  46  -172328.729687   1.265513
  47  -172328.729139   1.266061
  48  -172328.701333   1.293867
  49  -172328.688091   1.307109
  50  -172328.646736   1.348464
  51  -172328.631838   1.363362
  52  -172328.604925   1.390275
  53  -172328.604216   1.390984
  54  -172328.568623   1.426577
  55  -172328.522744   1.472456
  56  -172328.512583   1.482617
  57  -172328.502827   1.492373
  58  -172328.480081   1.515119
  59  -172328.479203   1.515997
  60  -172328.463959   1.531241
  61  -172328.463217   1.531983
  62  -172328.454544   1.540656
  63  -172328.450648   1.544552
  64  -172328.435433   1.559767
  65  -172328.43348   1.561720
  66  -172328.408888   1.586312
  67  -172328.391013   1.604187
  68  -172328.380193   1.615007
  69  -172328.37308   1.622120
  70  -172328.369291   1.625909
  71  -172328.363763   1.631437
  72  -172328.349786   1.645414
  73  -172328.341573   1.653627
  74  -172328.321012   1.674188
  75  -172328.314822   1.680378
  76  -172328.30101   1.694190
  77  -172328.281417   1.713783
  78  -172328.279704   1.715496
  79  -172328.276019   1.719181
  80  -172328.274291   1.720909
  81  -172328.273631   1.721569
  82  -172328.273601   1.721599
  83  -172328.272968   1.722232
  84  -172328.269436   1.725764
  85  -172328.268963   1.726237
  86  -172328.266763   1.728437
  87  -172328.262707   1.732493
  88  -172328.261064   1.734136
  89  -172328.253976   1.741224
  90  -172328.24814   1.747060
  91  -172328.23953   1.755670
  92  -172328.238375   1.756825
  93  -172328.230507   1.764693
  94  -172328.22224   1.772960
  95  -172328.220928   1.774272
  96  -172328.21769   1.777510
  97  -172328.216904   1.778296
  98  -172328.211121   1.784079
  99  -172328.210844   1.784356
 100  -172328.205502   1.789698
 101  -172328.203863   1.791337
 102  -172328.203826   1.791374
 103  -172328.203723   1.791477
 104  -172328.203098   1.792102
 105  -172328.202048   1.793152
 106  -172328.199356   1.795844
 107  -172328.199303   1.795897
 108  -172328.195958   1.799242
 109  -172328.194651   1.800549
 110  -172328.193864   1.801336
 111  -172328.192262   1.802938
 112  -172328.190844   1.804356
 113  -172328.189999   1.805201
 114  -172328.189451   1.805749
 115  -172328.187411   1.807789
 116  -172328.186284   1.808916
 117  -172328.182905   1.812295
 118  -172328.180759   1.814441
 119  -172328.179167   1.816033
 120  -172328.17297   1.822230
 121  -172328.172198   1.823002
 122  -172328.170836   1.824364
 123  -172328.167064   1.828136
 124  -172328.159548   1.835652
 125  -172328.156868   1.838332
 126  -172328.152955   1.842245
 127  -172328.152266   1.842934
 128  -172328.151494   1.843706
 129  -172328.15124   1.843960
 130  -172328.150853   1.844347
 131  -172328.149878   1.845322
 132  -172328.149848   1.845352
 133  -172328.148835   1.846365
 134  -172328.147337   1.847863
 135  -172328.145914   1.849286
 136  -172328.145792   1.849408
 137  -172328.139467   1.855733
 138  -172328.130277   1.864923
 139  -172328.129047   1.866153
 140  -172328.12337   1.871830
 141  -172328.118432   1.876768
 142  -172328.102581   1.892619
 143  -172328.091985   1.903215
 144  -172328.090696   1.904504
 145  -172328.088906   1.906294
 146  -172328.087756   1.907444
 147  -172328.086981   1.908219
 148  -172328.086571   1.908629
 149  -172328.086464   1.908736
 150  -172328.083662   1.911538
 151  -172328.083323   1.911877
 152  -172328.082085   1.913115
 153  -172328.082013   1.913187
 154  -172328.08119   1.914010
 155  -172328.080294   1.914906
 156  -172328.079098   1.916102
 157  -172328.076546   1.918654
 158  -172328.075668   1.919532
 159  -172328.073131   1.922069
 160  -172328.07   1.925200
 161  -172328.066896   1.928304
 162  -172328.065498   1.929702
 163  -172328.057985   1.937215
 164  -172328.047401   1.947799
 165  -172328.042429   1.952771
 166  -172328.03405   1.961150
 167  -172328.033812   1.961388
 168  -172328.031324   1.963876
 169  -172328.02703   1.968170
 170  -172328.023683   1.971517
 171  -172328.02328   1.971920
 172  -172328.022054   1.973146
 173  -172328.022016   1.973184
 174  -172328.019311   1.975889
 175  -172328.018003   1.977197
 176  -172328.015111   1.980089
 177  -172328.012357   1.982843
 178  -172328.012271   1.982929
 179  -172328.011278   1.983922
 180  -172328.010998   1.984202
 181  -172328.003059   1.992141
 182  -172328.001581   1.993619
 183  -172327.993956   2.001244
 184  -172327.980454   2.014746
 185  -172327.977458   2.017742
 186  -172327.971925   2.023275
 187  -172327.969431   2.025769
 188  -172327.965629   2.029571
 189  -172327.965181   2.030019
 190  -172327.959734   2.035466
 191  -172327.957681   2.037519
 192  -172327.956696   2.038504
 193  -172327.949518   2.045682
 194  -172327.890853   2.104347
 195  -172327.889744   2.105456
 196  -172327.855904   2.139296
 197  -172327.853705   2.141495
 198  -172327.821518   2.173682
 199  -172327.81544   2.179760
 200  -172327.797374   2.197826
 201  -172327.779085   2.216115
 202  -172327.761484   2.233716
 203  -172327.761399   2.233801
 204  -172327.76054   2.234660
 205  -172327.75817   2.237030
 206  -172327.751584   2.243616
 207  -172327.750094   2.245106
 208  -172327.749903   2.245297
 209  -172327.742903   2.252297
 210  -172327.739826   2.255374
 211  -172327.718915   2.276285
 212  -172327.71413   2.281070
 213  -172327.711749   2.283451
 214  -172327.693565   2.301635
 215  -172327.690944   2.304256
 216  -172327.690709   2.304491
 217  -172327.68845   2.306750
 218  -172327.685433   2.309767
 219  -172327.682961   2.312239
 220  -172327.682125   2.313075
 221  -172327.678446   2.316754
 222  -172327.674944   2.320256
 223  -172327.673328   2.321872
 224  -172327.652454   2.342746
 225  -172327.645429   2.349771
 226  -172327.644314   2.350886
 227  -172327.639958   2.355242
 228  -172327.634757   2.360443
 229  -172327.633115   2.362085
 230  -172327.632702   2.362498
 231  -172327.629288   2.365912
 232  -172327.62721   2.367990
 233  -172327.623109   2.372091
 234  -172327.621402   2.373798
 235  -172327.619384   2.375816
 236  -172327.618675   2.376525
 237  -172327.616062   2.379138
 238  -172327.612172   2.383028
 239  -172327.611606   2.383594
 240  -172327.611147   2.384053
 241  -172327.607225   2.387975
 242  -172327.604099   2.391101
 243  -172327.602587   2.392613
 244  -172327.591554   2.403646
 245  -172327.58898   2.406220
 246  -172327.588308   2.406892
 247  -172327.587551   2.407649
 248  -172327.585763   2.409437
 249  -172327.584197   2.411003
 250  -172327.57695   2.418250
 251  -172327.576096   2.419104
 252  -172327.575908   2.419292
 253  -172327.570593   2.424607
 254  -172327.568497   2.426703
 255  -172327.563809   2.431391
 256  -172327.56193   2.433270
 257  -172327.561652   2.433548
 258  -172327.554064   2.441136
 259  -172327.547425   2.447775
 260  -172327.535153   2.460047
 261  -172327.529409   2.465791
 262  -172327.528113   2.467087
 263  -172327.524668   2.470532
 264  -172327.523568   2.471632
 265  -172327.523103   2.472097
 266  -172327.52221   2.472990
 267  -172327.516594   2.478606
 268  -172327.508594   2.486606
 269  -172327.506061   2.489139
 270  -172327.503606   2.491594
 271  -172327.502388   2.492812
 272  -172327.497263   2.497937
 273  -172327.494202   2.500998
 274  -172327.493574   2.501626
 275  -172327.489645   2.505555
 276  -172327.485561   2.509639
 277  -172327.483605   2.511595
 278  -172327.482831   2.512369
 279  -172327.476745   2.518455
 280  -172327.4757   2.519500
 281  -172327.475336   2.519864
 282  -172327.468976   2.526224
 283  -172327.462477   2.532723
 284  -172327.462233   2.532967
 285  -172327.458321   2.536879
 286  -172327.457976   2.537224
 287  -172327.457524   2.537676
 288  -172327.449109   2.546091
 289  -172327.446923   2.548277
 290  -172327.446787   2.548413
 291  -172327.446186   2.549014
 292  -172327.443888   2.551312
 293  -172327.442988   2.552212
 294  -172327.437734   2.557466
 295  -172327.436818   2.558382
 296  -172327.434761   2.560439
 297  -172327.433971   2.561229
 298  -172327.433531   2.561669
 299  -172327.432311   2.562889
 300  -172327.428375   2.566825
 301  -172327.425572   2.569628
 302  -172327.421911   2.573289
 303  -172327.421267   2.573933
 304  -172327.416209   2.578991
 305  -172327.415028   2.580172
 306  -172327.414281   2.580919
 307  -172327.411902   2.583298
 308  -172327.40956   2.585640
 309  -172327.409446   2.585754
 310  -172327.408556   2.586644
 311  -172327.399557   2.595643
 312  -172327.399389   2.595811
 313  -172327.396698   2.598502
 314  -172327.394656   2.600544
 315  -172327.390265   2.604935
 316  -172327.389213   2.605987
 317  -172327.388225   2.606975
 318  -172327.386964   2.608236
 319  -172327.375872   2.619328
 320  -172327.365808   2.629392
 321  -172327.360965   2.634235
 322  -172327.356398   2.638802
 323  -172327.353225   2.641975
 324  -172327.349172   2.646028
 325  -172327.349094   2.646106
 326  -172327.345276   2.649924
 327  -172327.342614   2.652586
 328  -172327.342537   2.652663
 329  -172327.336653   2.658547
 330  -172327.334686   2.660514
 331  -172327.334377   2.660823
 332  -172327.328965   2.666235
 333  -172327.324393   2.670807
 334  -172327.32216   2.673040
 335  -172327.320381   2.674819
 336  -172327.316405   2.678795
 337  -172327.315863   2.679337
 338  -172327.312851   2.682349
 339  -172327.302156   2.693044
 340  -172327.30163   2.693570
 341  -172327.300469   2.694731
 342  -172327.298443   2.696757
 343  -172327.29273   2.702470
 344  -172327.291137   2.704063
 345  -172327.290469   2.704731
 346  -172327.288746   2.706454
 347  -172327.286559   2.708641
 348  -172327.282031   2.713169
 349  -172327.278868   2.716332
 350  -172327.27801   2.717190
 351  -172327.274137   2.721063
 352  -172327.271229   2.723971
 353  -172327.263864   2.731336
 354  -172327.263825   2.731375
 355  -172327.261178   2.734022
 356  -172327.26015   2.735050
 357  -172327.259958   2.735242
 358  -172327.25558   2.739620
 359  -172327.254698   2.740502
 360  -172327.250644   2.744556
 361  -172327.247532   2.747668
 362  -172327.246004   2.749196
 363  -172327.242638   2.752562
 364  -172327.240547   2.754653
 365  -172327.240283   2.754917
 366  -172327.235074   2.760126
 367  -172327.232729   2.762471
 368  -172327.224705   2.770495
 369  -172327.222466   2.772734
 370  -172327.221377   2.773823
 371  -172327.219461   2.775739
 372  -172327.216237   2.778963
 373  -172327.211687   2.783513
 374  -172327.207879   2.787321
 375  -172327.205884   2.789316
 376  -172327.205625   2.789575
 377  -172327.199752   2.795448
 378  -172327.196428   2.798772
 379  -172327.18583   2.809370
 380  -172327.180611   2.814589
 381  -172327.179865   2.815335
 382  -172327.17773   2.817470
 383  -172327.176707   2.818493
 384  -172327.171819   2.823381
 385  -172327.171255   2.823945
 386  -172327.168526   2.826674
 387  -172327.168107   2.827093
 388  -172327.167076   2.828124
 389  -172327.164436   2.830764
 390  -172327.163741   2.831459
 391  -172327.159645   2.835555
 392  -172327.155433   2.839767
 393  -172327.154835   2.840365
 394  -172327.153969   2.841231
 395  -172327.152819   2.842381
 396  -172327.150283   2.844917
 397  -172327.148566   2.846634
 398  -172327.147355   2.847845
 399  -172327.140908   2.854292
 400  -172327.139669   2.855531
 401  -172327.138496   2.856704
 402  -172327.135308   2.859892
 403  -172327.12663   2.868570
 404  -172327.116781   2.878419
 405  -172327.114892   2.880308
 406  -172327.11293   2.882270
 407  -172327.110966   2.884234
 408  -172327.108593   2.886607
 409  -172327.10796   2.887240
 410  -172327.107541   2.887659
 411  -172327.105169   2.890031
 412  -172327.090184   2.905016
 413  -172327.085503   2.909697
 414  -172327.079101   2.916099
 415  -172327.070175   2.925025
 416  -172327.055447   2.939753
 417  -172327.049757   2.945443
 418  -172327.036992   2.958208
 419  -172327.022536   2.972664
 420  -172327.010171   2.985029
 421  -172326.975097   3.020103
 422  -172326.960162   3.035038
 423  -172326.941941   3.053259
 424  -172326.934168   3.061032
