# Relative energy hierarchy for Arg conformations
# Calculated with PBE+vdW (tier 2 basis)
# Conf.    Energy./ [eV]     Rel. energy./ [eV]
#
   1  -170628.176706   0.000000
   2  -170628.162133   0.014573
   3  -170628.159501   0.017205
   4  -170628.150889   0.025817
   5  -170628.143248   0.033458
   6  -170628.119437   0.057269
   7  -170628.112042   0.064664
   8  -170628.078919   0.097787
   9  -170628.072173   0.104533
  10  -170628.068376   0.108330
  11  -170628.054157   0.122549
  12  -170628.043983   0.132723
  13  -170628.038159   0.138547
  14  -170628.029967   0.146739
  15  -170628.001981   0.174725
  16  -170627.957782   0.218924
  17  -170627.939372   0.237334
  18  -170627.938567   0.238139
  19  -170627.897293   0.279413
  20  -170627.892632   0.284074
  21  -170627.88274   0.293966
  22  -170627.881106   0.295600
  23  -170627.875033   0.301673
  24  -170627.874773   0.301933
  25  -170627.857856   0.318850
  26  -170627.841336   0.335370
  27  -170627.833164   0.343542
  28  -170627.824777   0.351929
  29  -170627.807781   0.368925
  30  -170627.763715   0.412991
  31  -170627.753077   0.423629
  32  -170627.72271   0.453996
  33  -170627.716189   0.460517
  34  -170627.707797   0.468909
  35  -170627.70347   0.473236
  36  -170627.697936   0.478770
  37  -170627.685114   0.491592
  38  -170627.670258   0.506448
  39  -170627.666383   0.510323
  40  -170627.657921   0.518785
  41  -170627.643955   0.532751
  42  -170627.639955   0.536751
  43  -170627.618513   0.558193
  44  -170627.606569   0.570137
  45  -170627.602306   0.574400
  46  -170627.597605   0.579101
  47  -170627.595732   0.580974
  48  -170627.587039   0.589667
  49  -170627.577564   0.599142
  50  -170627.575095   0.601611
  51  -170627.569535   0.607171
  52  -170627.565144   0.611562
  53  -170627.554948   0.621758
  54  -170627.552717   0.623989
  55  -170627.550981   0.625725
  56  -170627.549719   0.626987
  57  -170627.549443   0.627263
  58  -170627.542084   0.634622
  59  -170627.540784   0.635922
  60  -170627.533074   0.643632
  61  -170627.531499   0.645207
  62  -170627.524092   0.652614
  63  -170627.521587   0.655119
  64  -170627.518969   0.657737
  65  -170627.515953   0.660753
  66  -170627.515606   0.661100
  67  -170627.515558   0.661148
  68  -170627.513553   0.663153
  69  -170627.510276   0.666430
  70  -170627.500835   0.675871
  71  -170627.497378   0.679328
  72  -170627.487355   0.689351
  73  -170627.475448   0.701258
  74  -170627.475425   0.701281
  75  -170627.474724   0.701982
  76  -170627.471098   0.705608
  77  -170627.45922   0.717486
  78  -170627.451162   0.725544
  79  -170627.44874   0.727966
  80  -170627.443335   0.733371
  81  -170627.441405   0.735301
  82  -170627.436546   0.740160
  83  -170627.42282   0.753886
  84  -170627.422597   0.754109
  85  -170627.413529   0.763177
  86  -170627.411422   0.765284
  87  -170627.406799   0.769907
  88  -170627.401036   0.775670
  89  -170627.400323   0.776383
  90  -170627.39901   0.777696
  91  -170627.392045   0.784661
  92  -170627.372293   0.804413
  93  -170627.3614   0.815306
  94  -170627.359505   0.817201
  95  -170627.353442   0.823264
  96  -170627.351641   0.825065
  97  -170627.338716   0.837990
  98  -170627.330666   0.846040
  99  -170627.308086   0.868620
 100  -170627.294582   0.882124
 101  -170627.288145   0.888561
 102  -170627.270175   0.906531
 103  -170627.268498   0.908208
 104  -170627.26667   0.910036
 105  -170627.260015   0.916691
 106  -170627.245371   0.931335
 107  -170627.244768   0.931938
 108  -170627.238008   0.938698
 109  -170627.22672   0.949986
 110  -170627.215899   0.960807
 111  -170627.209744   0.966962
 112  -170627.206632   0.970074
 113  -170627.193793   0.982913
 114  -170627.186741   0.989965
 115  -170627.176374   1.000332
 116  -170627.159363   1.017343
 117  -170627.14813   1.028576
 118  -170627.142601   1.034105
 119  -170627.138751   1.037955
 120  -170627.126052   1.050654
 121  -170627.121829   1.054877
 122  -170627.117079   1.059627
 123  -170627.10132   1.075386
 124  -170627.099849   1.076857
 125  -170627.095801   1.080905
 126  -170627.080954   1.095752
 127  -170627.078387   1.098319
 128  -170627.057344   1.119362
 129  -170627.010437   1.166269
 130  -170627.001334   1.175372
 131  -170626.987007   1.189699
 132  -170626.986012   1.190694
 133  -170626.97855   1.198156
 134  -170626.962745   1.213961
 135  -170626.957701   1.219005
 136  -170626.95541   1.221296
 137  -170626.945505   1.231201
 138  -170626.944966   1.231740
 139  -170626.940796   1.235910
 140  -170626.932794   1.243912
 141  -170626.930134   1.246572
 142  -170626.929739   1.246967
 143  -170626.929209   1.247497
 144  -170626.921605   1.255101
 145  -170626.911819   1.264887
 146  -170626.890203   1.286503
 147  -170626.881245   1.295461
 148  -170626.870774   1.305932
 149  -170626.870371   1.306335
 150  -170626.867992   1.308714
 151  -170626.84292   1.333786
 152  -170626.841795   1.334911
 153  -170626.838623   1.338083
 154  -170626.834977   1.341729
 155  -170626.82957   1.347136
 156  -170626.823783   1.352923
 157  -170626.821576   1.355130
 158  -170626.818284   1.358422
 159  -170626.818178   1.358528
 160  -170626.808192   1.368514
 161  -170626.792038   1.384668
 162  -170626.787602   1.389104
 163  -170626.767509   1.409197
 164  -170626.756158   1.420548
 165  -170626.749366   1.427340
 166  -170626.74834   1.428366
 167  -170626.735704   1.441002
 168  -170626.723529   1.453177
 169  -170626.71066   1.466046
 170  -170626.699995   1.476711
 171  -170626.676174   1.500532
 172  -170626.669575   1.507131
 173  -170626.655257   1.521449
 174  -170626.651679   1.525027
 175  -170626.65007   1.526636
 176  -170626.640298   1.536408
 177  -170626.637858   1.538848
 178  -170626.628682   1.548024
 179  -170626.617297   1.559409
 180  -170626.609792   1.566914
 181  -170626.606082   1.570624
 182  -170626.586594   1.590112
 183  -170626.574654   1.602052
 184  -170626.556592   1.620114
 185  -170626.531669   1.645037
 186  -170626.496572   1.680134
 187  -170626.484658   1.692048
 188  -170626.478444   1.698262
 189  -170626.471562   1.705144
 190  -170626.470808   1.705898
 191  -170626.460107   1.716599
 192  -170626.458281   1.718425
 193  -170626.423585   1.753121
 194  -170626.410364   1.766342
 195  -170626.367615   1.809091
 196  -170626.366824   1.809882
 197  -170626.366246   1.810460
 198  -170626.366158   1.810548
 199  -170626.335033   1.841673
 200  -170626.328641   1.848065
 201  -170626.311028   1.865678
 202  -170626.300081   1.876625
 203  -170626.274977   1.901729
 204  -170626.268396   1.908310
 205  -170626.266345   1.910361
 206  -170626.251996   1.924710
 207  -170626.249051   1.927655
 208  -170626.247146   1.929560
 209  -170626.179182   1.997524
 210  -170626.178351   1.998355
 211  -170626.177117   1.999589
 212  -170626.172593   2.004113
 213  -170626.170955   2.005751
 214  -170626.169171   2.007535
 215  -170626.146737   2.029969
 216  -170626.135753   2.040953
 217  -170626.129981   2.046725
 218  -170626.127208   2.049498
 219  -170626.125838   2.050868
 220  -170626.107944   2.068762
 221  -170626.107125   2.069581
 222  -170626.106973   2.069733
 223  -170626.106597   2.070109
 224  -170626.106516   2.070190
 225  -170626.106458   2.070248
 226  -170626.103993   2.072713
 227  -170626.103726   2.072980
 228  -170626.099928   2.076778
 229  -170626.095279   2.081427
 230  -170626.082409   2.094297
 231  -170626.079198   2.097508
 232  -170626.077581   2.099125
 233  -170626.075956   2.100750
 234  -170626.071231   2.105475
 235  -170626.070627   2.106079
 236  -170626.068397   2.108309
 237  -170626.065407   2.111299
 238  -170626.065023   2.111683
 239  -170626.06467   2.112036
 240  -170626.063824   2.112882
 241  -170626.063327   2.113379
 242  -170626.060647   2.116059
 243  -170626.057731   2.118975
 244  -170626.054498   2.122208
 245  -170626.052524   2.124182
 246  -170626.049113   2.127593
 247  -170626.048292   2.128414
 248  -170626.048233   2.128473
 249  -170626.047349   2.129357
 250  -170626.047047   2.129659
 251  -170626.043195   2.133511
 252  -170626.043062   2.133644
 253  -170626.040015   2.136691
 254  -170626.01895   2.157756
 255  -170626.017047   2.159659
 256  -170626.011145   2.165561
 257  -170626.005702   2.171004
 258  -170626.005288   2.171418
 259  -170626.004807   2.171899
 260  -170625.999984   2.176722
 261  -170625.998937   2.177769
 262  -170625.998641   2.178065
 263  -170625.998375   2.178331
 264  -170625.998208   2.178498
 265  -170625.996199   2.180507
 266  -170625.996105   2.180601
 267  -170625.995977   2.180729
 268  -170625.995325   2.181381
 269  -170625.993847   2.182859
 270  -170625.993009   2.183697
 271  -170625.991028   2.185678
 272  -170625.990151   2.186555
 273  -170625.989838   2.186868
 274  -170625.988353   2.188353
 275  -170625.988107   2.188599
 276  -170625.988066   2.188640
 277  -170625.98771   2.188996
 278  -170625.986141   2.190565
 279  -170625.985364   2.191342
 280  -170625.983228   2.193478
 281  -170625.982409   2.194297
 282  -170625.982198   2.194508
 283  -170625.979719   2.196987
 284  -170625.97886   2.197846
 285  -170625.976184   2.200522
 286  -170625.974536   2.202170
 287  -170625.972334   2.204372
 288  -170625.972154   2.204552
 289  -170625.968829   2.207877
 290  -170625.968149   2.208557
 291  -170625.967739   2.208967
 292  -170625.967292   2.209414
 293  -170625.967049   2.209657
 294  -170625.964949   2.211757
 295  -170625.964658   2.212048
 296  -170625.957633   2.219073
 297  -170625.957065   2.219641
 298  -170625.956153   2.220553
 299  -170625.955852   2.220854
 300  -170625.954086   2.222620
 301  -170625.952815   2.223891
 302  -170625.952355   2.224351
 303  -170625.951677   2.225029
 304  -170625.950896   2.225810
 305  -170625.949891   2.226815
 306  -170625.94912   2.227586
 307  -170625.947345   2.229361
 308  -170625.945209   2.231497
 309  -170625.944949   2.231757
 310  -170625.944497   2.232209
 311  -170625.938278   2.238428
 312  -170625.934   2.242706
 313  -170625.933213   2.243493
 314  -170625.932805   2.243901
 315  -170625.929168   2.247538
 316  -170625.927279   2.249427
 317  -170625.924729   2.251977
 318  -170625.920525   2.256181
 319  -170625.918866   2.257840
 320  -170625.917492   2.259214
 321  -170625.912333   2.264373
 322  -170625.912271   2.264435
 323  -170625.908285   2.268421
 324  -170625.906017   2.270689
 325  -170625.904826   2.271880
 326  -170625.901167   2.275539
 327  -170625.900493   2.276213
 328  -170625.899311   2.277395
 329  -170625.898074   2.278632
 330  -170625.8956   2.281106
 331  -170625.894003   2.282703
 332  -170625.890046   2.286660
 333  -170625.889327   2.287379
 334  -170625.886686   2.290020
 335  -170625.884912   2.291794
 336  -170625.877948   2.298758
 337  -170625.877577   2.299129
 338  -170625.873677   2.303029
 339  -170625.863287   2.313419
 340  -170625.857513   2.319193
 341  -170625.857139   2.319567
 342  -170625.85584   2.320866
 343  -170625.852454   2.324252
 344  -170625.85148   2.325226
 345  -170625.8464   2.330306
 346  -170625.845647   2.331059
 347  -170625.844447   2.332259
 348  -170625.843987   2.332719
 349  -170625.843848   2.332858
 350  -170625.843217   2.333489
 351  -170625.842629   2.334077
 352  -170625.83798   2.338726
 353  -170625.83773   2.338976
 354  -170625.832828   2.343878
 355  -170625.831643   2.345063
 356  -170625.826568   2.350138
 357  -170625.825955   2.350751
 358  -170625.824219   2.352487
 359  -170625.812883   2.363823
 360  -170625.803665   2.373041
 361  -170625.797802   2.378904
 362  -170625.793856   2.382850
 363  -170625.792688   2.384018
 364  -170625.792024   2.384682
 365  -170625.790984   2.385722
 366  -170625.789668   2.387038
 367  -170625.786381   2.390325
 368  -170625.781474   2.395232
 369  -170625.777645   2.399061
 370  -170625.775243   2.401463
 371  -170625.771527   2.405179
 372  -170625.769521   2.407185
 373  -170625.766527   2.410179
 374  -170625.762822   2.413884
 375  -170625.762779   2.413927
 376  -170625.759853   2.416853
 377  -170625.757078   2.419628
 378  -170625.754556   2.422150
 379  -170625.75088   2.425826
 380  -170625.740552   2.436154
 381  -170625.731685   2.445021
 382  -170625.729719   2.446987
 383  -170625.714617   2.462089
 384  -170625.712543   2.464163
 385  -170625.709487   2.467219
 386  -170625.704841   2.471865
 387  -170625.695895   2.480811
 388  -170625.68213   2.494576
 389  -170625.678056   2.498650
 390  -170625.669225   2.507481
 391  -170625.668971   2.507735
 392  -170625.663577   2.513129
 393  -170625.662231   2.514475
 394  -170625.634526   2.542180
 395  -170625.628601   2.548105
 396  -170625.622147   2.554559
 397  -170625.598337   2.578369
 398  -170625.594428   2.582278
 399  -170625.593669   2.583037
 400  -170625.589708   2.586998
 401  -170625.57933   2.597376
 402  -170625.551526   2.625180
 403  -170625.540864   2.635842
 404  -170625.532223   2.644483
 405  -170625.499045   2.677661
 406  -170625.493202   2.683504
 407  -170625.4833   2.693406
 408  -170625.467721   2.708985
 409  -170625.455492   2.721214
 410  -170625.429828   2.746878
 411  -170625.410261   2.766445
 412  -170625.398576   2.778130
 413  -170625.369951   2.806755
 414  -170625.346937   2.829769
 415  -170625.290601   2.886105
 416  -170625.28214   2.894566
 417  -170625.235556   2.941150
 418  -170625.229182   2.947524
 419  -170625.224893   2.951813
 420  -170625.159416   3.017290
 421  -170625.098399   3.078307
 422  -170625.060988   3.115718
 423  -170625.033511   3.143195
