# Relative energy hierarchy for Ac-Lys-NMe conformations
# Calculated with PBE+vdW (tier 2 basis)
# Conf.    Energy./ [eV]     Rel. energy./ [eV]
#
   1  -18209.7916318   0.000000
   2  -18209.7607314   0.030900
   3  -18209.7599151   0.031717
   4  -18209.7409885   0.050643
   5  -18209.7159693   0.075662
   6  -18209.711442   0.080190
   7  -18209.7086985   0.082933
   8  -18209.7062823   0.085349
   9  -18209.6998111   0.091821
  10  -18209.6943888   0.097243
  11  -18209.6903984   0.101233
  12  -18209.6892073   0.102424
  13  -18209.6815474   0.110084
  14  -18209.6452281   0.146404
  15  -18209.6450573   0.146574
  16  -18209.6433242   0.148308
  17  -18209.6416128   0.150019
  18  -18209.6412243   0.150407
  19  -18209.6407779   0.150854
  20  -18209.6394442   0.152188
  21  -18209.6386625   0.152969
  22  -18209.6319006   0.159731
  23  -18209.6315869   0.160045
  24  -18209.6313177   0.160314
  25  -18209.6303287   0.161303
  26  -18209.6208972   0.170735
  27  -18209.6208913   0.170740
  28  -18209.6199916   0.171640
  29  -18209.6150215   0.176610
  30  -18209.6133294   0.178302
  31  -18209.6119504   0.179681
  32  -18209.611766   0.179866
  33  -18209.6105585   0.181073
  34  -18209.6071523   0.184479
  35  -18209.603333   0.188299
  36  -18209.6015249   0.190107
  37  -18209.5988712   0.192761
  38  -18209.5986277   0.193004
  39  -18209.5957592   0.195873
  40  -18209.59433   0.197302
  41  -18209.5906666   0.200965
  42  -18209.5875143   0.204117
  43  -18209.5866634   0.204968
  44  -18209.5858936   0.205738
  45  -18209.5835049   0.208127
  46  -18209.5831663   0.208465
  47  -18209.5819934   0.209638
  48  -18209.5813214   0.210310
  49  -18209.5808782   0.210754
  50  -18209.5803428   0.211289
  51  -18209.5773654   0.214266
  52  -18209.5771631   0.214469
  53  -18209.5762016   0.215430
  54  -18209.5752054   0.216426
  55  -18209.574967   0.216665
  56  -18209.574477   0.217155
  57  -18209.5721815   0.219450
  58  -18209.5720068   0.219625
  59  -18209.5701581   0.221474
  60  -18209.5675338   0.224098
  61  -18209.5661799   0.225452
  62  -18209.5661721   0.225460
  63  -18209.5657079   0.225924
  64  -18209.5654656   0.226166
  65  -18209.5643906   0.227241
  66  -18209.5640029   0.227629
  67  -18209.5636495   0.227982
  68  -18209.5636091   0.228023
  69  -18209.5635364   0.228095
  70  -18209.5616988   0.229933
  71  -18209.5615929   0.230039
  72  -18209.5615741   0.230058
  73  -18209.5605662   0.231066
  74  -18209.5603371   0.231295
  75  -18209.560294   0.231338
  76  -18209.5601605   0.231471
  77  -18209.5588589   0.232773
  78  -18209.5564815   0.235150
  79  -18209.5564716   0.235160
  80  -18209.556379   0.235253
  81  -18209.5563586   0.235273
  82  -18209.5560825   0.235549
  83  -18209.5559551   0.235677
  84  -18209.5550664   0.236565
  85  -18209.5548596   0.236772
  86  -18209.5543915   0.237240
  87  -18209.5541281   0.237504
  88  -18209.5532906   0.238341
  89  -18209.553161   0.238471
  90  -18209.5522703   0.239362
  91  -18209.5520495   0.239582
  92  -18209.5516952   0.239937
  93  -18209.551475   0.240157
  94  -18209.5505911   0.241041
  95  -18209.5505654   0.241066
  96  -18209.5501621   0.241470
  97  -18209.549653   0.241979
  98  -18209.5495027   0.242129
  99  -18209.5493479   0.242284
 100  -18209.5492431   0.242389
 101  -18209.548737   0.242895
 102  -18209.5484648   0.243167
 103  -18209.5483355   0.243296
 104  -18209.5476324   0.243999
 105  -18209.5476098   0.244022
 106  -18209.5472298   0.244402
 107  -18209.5471637   0.244468
 108  -18209.5470355   0.244596
 109  -18209.5468758   0.244756
 110  -18209.5467389   0.244893
 111  -18209.5466559   0.244976
 112  -18209.5464474   0.245184
 113  -18209.5457476   0.245884
 114  -18209.5456772   0.245955
 115  -18209.5449748   0.246657
 116  -18209.544399   0.247233
 117  -18209.5443547   0.247277
 118  -18209.5432799   0.248352
 119  -18209.5431658   0.248466
 120  -18209.5430212   0.248611
 121  -18209.5429444   0.248687
 122  -18209.5419297   0.249702
 123  -18209.5417978   0.249834
 124  -18209.5415619   0.250070
 125  -18209.5414505   0.250181
 126  -18209.541273   0.250359
 127  -18209.5408374   0.250794
 128  -18209.5405111   0.251121
 129  -18209.5404534   0.251178
 130  -18209.5397458   0.251886
 131  -18209.5395634   0.252068
 132  -18209.5393896   0.252242
 133  -18209.5393481   0.252284
 134  -18209.5393167   0.252315
 135  -18209.5392282   0.252404
 136  -18209.5390395   0.252592
 137  -18209.5390204   0.252611
 138  -18209.5389668   0.252665
 139  -18209.5388434   0.252788
 140  -18209.5387997   0.252832
 141  -18209.5387386   0.252893
 142  -18209.5382168   0.253415
 143  -18209.5378271   0.253805
 144  -18209.5371546   0.254477
 145  -18209.5369767   0.254655
 146  -18209.5367166   0.254915
 147  -18209.5366578   0.254974
 148  -18209.5364717   0.255160
 149  -18209.5362345   0.255397
 150  -18209.5359401   0.255692
 151  -18209.5356857   0.255946
 152  -18209.5354901   0.256142
 153  -18209.5353808   0.256251
 154  -18209.5353602   0.256272
 155  -18209.534852   0.256780
 156  -18209.534134   0.257498
 157  -18209.5340567   0.257575
 158  -18209.5338901   0.257742
 159  -18209.5338066   0.257825
 160  -18209.5336325   0.257999
 161  -18209.5334136   0.258218
 162  -18209.5333053   0.258326
 163  -18209.533258   0.258374
 164  -18209.5331725   0.258459
 165  -18209.5330344   0.258597
 166  -18209.5329036   0.258728
 167  -18209.5323213   0.259310
 168  -18209.5322066   0.259425
 169  -18209.5321992   0.259433
 170  -18209.5320562   0.259576
 171  -18209.5313294   0.260302
 172  -18209.5310115   0.260620
 173  -18209.5309951   0.260637
 174  -18209.5309122   0.260720
 175  -18209.5305031   0.261129
 176  -18209.5303284   0.261303
 177  -18209.5302281   0.261404
 178  -18209.530148   0.261484
 179  -18209.5294512   0.262181
 180  -18209.5282858   0.263346
 181  -18209.5278349   0.263797
 182  -18209.5277938   0.263838
 183  -18209.5271634   0.264468
 184  -18209.5264945   0.265137
 185  -18209.5263523   0.265279
 186  -18209.5261835   0.265448
 187  -18209.5251789   0.266453
 188  -18209.525154   0.266478
 189  -18209.5250408   0.266591
 190  -18209.5249727   0.266659
 191  -18209.5248481   0.266784
 192  -18209.5243271   0.267305
 193  -18209.523986   0.267646
 194  -18209.523953   0.267679
 195  -18209.5238361   0.267796
 196  -18209.5233995   0.268232
 197  -18209.523257   0.268375
 198  -18209.523114   0.268518
 199  -18209.5229994   0.268632
 200  -18209.5228558   0.268776
 201  -18209.5224293   0.269202
 202  -18209.5224289   0.269203
 203  -18209.5222373   0.269394
 204  -18209.5214542   0.270178
 205  -18209.5211114   0.270520
 206  -18209.5205303   0.271101
 207  -18209.5204681   0.271164
 208  -18209.5202324   0.271399
 209  -18209.5197134   0.271918
 210  -18209.5194617   0.272170
 211  -18209.5191824   0.272449
 212  -18209.5190241   0.272608
 213  -18209.5188909   0.272741
 214  -18209.5187814   0.272850
 215  -18209.518683   0.272949
 216  -18209.518547   0.273085
 217  -18209.5183675   0.273264
 218  -18209.5181141   0.273518
 219  -18209.5178577   0.273774
 220  -18209.517568   0.274064
 221  -18209.5172839   0.274348
 222  -18209.5166383   0.274993
 223  -18209.5165198   0.275112
 224  -18209.5164417   0.275190
 225  -18209.5164207   0.275211
 226  -18209.5163358   0.275296
 227  -18209.5163211   0.275311
 228  -18209.5161829   0.275449
 229  -18209.5160103   0.275621
 230  -18209.5160002   0.275632
 231  -18209.5157709   0.275861
 232  -18209.5156692   0.275963
 233  -18209.5155991   0.276033
 234  -18209.5155646   0.276067
 235  -18209.5154546   0.276177
 236  -18209.5146673   0.276964
 237  -18209.5144105   0.277221
 238  -18209.5140455   0.277586
 239  -18209.5139145   0.277717
 240  -18209.5135353   0.278096
 241  -18209.5133093   0.278322
 242  -18209.5132922   0.278340
 243  -18209.5129092   0.278723
 244  -18209.5121813   0.279450
 245  -18209.5121108   0.279521
 246  -18209.5120674   0.279564
 247  -18209.511934   0.279698
 248  -18209.5118357   0.279796
 249  -18209.5114188   0.280213
 250  -18209.5114064   0.280225
 251  -18209.511313   0.280319
 252  -18209.5111966   0.280435
 253  -18209.5108155   0.280816
 254  -18209.5107677   0.280864
 255  -18209.5106082   0.281024
 256  -18209.5105718   0.281060
 257  -18209.5103794   0.281252
 258  -18209.5100058   0.281626
 259  -18209.5096118   0.282020
 260  -18209.5092103   0.282422
 261  -18209.5089699   0.282662
 262  -18209.508603   0.283029
 263  -18209.5079135   0.283718
 264  -18209.5076911   0.283941
 265  -18209.5076601   0.283972
 266  -18209.5074322   0.284200
 267  -18209.5074182   0.284214
 268  -18209.5072351   0.284397
 269  -18209.5070663   0.284565
 270  -18209.5070211   0.284611
 271  -18209.5068033   0.284829
 272  -18209.5067027   0.284929
 273  -18209.5065484   0.285083
 274  -18209.5063321   0.285300
 275  -18209.5059091   0.285723
 276  -18209.5058071   0.285825
 277  -18209.5057035   0.285928
 278  -18209.5056656   0.285966
 279  -18209.5055532   0.286079
 280  -18209.5053212   0.286311
 281  -18209.5052623   0.286369
 282  -18209.5052312   0.286401
 283  -18209.5052034   0.286428
 284  -18209.5049848   0.286647
 285  -18209.5048803   0.286751
 286  -18209.5046187   0.287013
 287  -18209.5040327   0.287599
 288  -18209.5035419   0.288090
 289  -18209.5035183   0.288113
 290  -18209.5033595   0.288272
 291  -18209.5032943   0.288337
 292  -18209.5032353   0.288397
 293  -18209.5031581   0.288474
 294  -18209.5030187   0.288613
 295  -18209.5029361   0.288696
 296  -18209.5025428   0.289089
 297  -18209.5024514   0.289180
 298  -18209.5023403   0.289291
 299  -18209.502273   0.289359
 300  -18209.5013859   0.290246
 301  -18209.50138   0.290252
 302  -18209.5011054   0.290526
 303  -18209.5010695   0.290562
 304  -18209.5008116   0.290820
 305  -18209.50057   0.291062
 306  -18209.5005187   0.291113
 307  -18209.5004145   0.291217
 308  -18209.5001665   0.291465
 309  -18209.5001554   0.291476
 310  -18209.500082   0.291550
 311  -18209.4997455   0.291886
 312  -18209.4996226   0.292009
 313  -18209.4994481   0.292184
 314  -18209.4993639   0.292268
 315  -18209.4989549   0.292677
 316  -18209.4989242   0.292708
 317  -18209.4987496   0.292882
 318  -18209.4986846   0.292947
 319  -18209.4985498   0.293082
 320  -18209.4985456   0.293086
 321  -18209.4980471   0.293585
 322  -18209.497958   0.293674
 323  -18209.4973889   0.294243
 324  -18209.4972508   0.294381
 325  -18209.4969048   0.294727
 326  -18209.4967113   0.294921
 327  -18209.4964062   0.295226
 328  -18209.4954803   0.296151
 329  -18209.4953158   0.296316
 330  -18209.4951851   0.296447
 331  -18209.4943544   0.297277
 332  -18209.4942301   0.297402
 333  -18209.4940904   0.297541
 334  -18209.493736   0.297896
 335  -18209.4932853   0.298346
 336  -18209.4931192   0.298513
 337  -18209.4924079   0.299224
 338  -18209.4922394   0.299392
 339  -18209.4920471   0.299585
 340  -18209.4918987   0.299733
 341  -18209.4918737   0.299758
 342  -18209.4909162   0.300716
 343  -18209.4904511   0.301181
 344  -18209.4903293   0.301303
 345  -18209.4901033   0.301529
 346  -18209.4898775   0.301754
 347  -18209.4896954   0.301936
 348  -18209.489677   0.301955
 349  -18209.4896768   0.301955
 350  -18209.4895992   0.302033
 351  -18209.4893369   0.302295
 352  -18209.4891743   0.302457
 353  -18209.4890483   0.302583
 354  -18209.4889451   0.302687
 355  -18209.4884544   0.303177
 356  -18209.4880489   0.303583
 357  -18209.4878705   0.303761
 358  -18209.4877271   0.303905
 359  -18209.4873184   0.304313
 360  -18209.4871907   0.304441
 361  -18209.4871177   0.304514
 362  -18209.4863428   0.305289
 363  -18209.4862659   0.305366
 364  -18209.4862658   0.305366
 365  -18209.4861276   0.305504
 366  -18209.486122   0.305510
 367  -18209.4860388   0.305593
 368  -18209.4859786   0.305653
 369  -18209.4859184   0.305713
 370  -18209.4857819   0.305850
 371  -18209.4856064   0.306025
 372  -18209.4854795   0.306152
 373  -18209.485337   0.306295
 374  -18209.4842885   0.307343
 375  -18209.483905   0.307727
 376  -18209.483421   0.308211
 377  -18209.4832696   0.308362
 378  -18209.483063   0.308569
 379  -18209.4829274   0.308704
 380  -18209.4825443   0.309087
 381  -18209.4819636   0.309668
 382  -18209.4817931   0.309839
 383  -18209.481026   0.310606
 384  -18209.48081   0.310822
 385  -18209.4806511   0.310981
 386  -18209.4804796   0.311152
 387  -18209.4801605   0.311471
 388  -18209.4797695   0.311862
 389  -18209.4796819   0.311950
 390  -18209.4796274   0.312004
 391  -18209.4795314   0.312100
 392  -18209.4793479   0.312284
 393  -18209.4793233   0.312309
 394  -18209.479002   0.312630
 395  -18209.4789646   0.312667
 396  -18209.4789113   0.312720
 397  -18209.4784911   0.313141
 398  -18209.478259   0.313373
 399  -18209.4781543   0.313477
 400  -18209.478115   0.313517
 401  -18209.4775844   0.314047
 402  -18209.4774902   0.314142
 403  -18209.4774343   0.314197
 404  -18209.4774055   0.314226
 405  -18209.477233   0.314399
 406  -18209.4768918   0.314740
 407  -18209.476503   0.315129
 408  -18209.4764415   0.315190
 409  -18209.4762961   0.315336
 410  -18209.4762021   0.315430
 411  -18209.475857   0.315775
 412  -18209.4758441   0.315788
 413  -18209.4756166   0.316015
 414  -18209.4754915   0.316140
 415  -18209.475253   0.316379
 416  -18209.4750998   0.316532
 417  -18209.4749435   0.316688
 418  -18209.4746942   0.316938
 419  -18209.474166   0.317466
 420  -18209.4739337   0.317698
 421  -18209.4734354   0.318196
 422  -18209.4728595   0.318772
 423  -18209.4727832   0.318849
 424  -18209.4724796   0.319152
 425  -18209.4721505   0.319481
 426  -18209.4718866   0.319745
 427  -18209.4717662   0.319866
 428  -18209.4717267   0.319905
 429  -18209.4716883   0.319943
 430  -18209.4715579   0.320074
 431  -18209.4713018   0.320330
 432  -18209.4709455   0.320686
 433  -18209.4707918   0.320840
 434  -18209.4706095   0.321022
 435  -18209.4705863   0.321045
 436  -18209.4705862   0.321046
 437  -18209.4705209   0.321111
 438  -18209.4702131   0.321419
 439  -18209.4698349   0.321797
 440  -18209.4693998   0.322232
 441  -18209.4692854   0.322346
 442  -18209.4690429   0.322589
 443  -18209.4687932   0.322839
 444  -18209.4685336   0.323098
 445  -18209.4684194   0.323212
 446  -18209.4676194   0.324012
 447  -18209.4671646   0.324467
 448  -18209.4671616   0.324470
 449  -18209.4665958   0.325036
 450  -18209.4659747   0.325657
 451  -18209.4658788   0.325753
 452  -18209.4652293   0.326402
 453  -18209.4651896   0.326442
 454  -18209.4645761   0.327056
 455  -18209.4643877   0.327244
 456  -18209.4642762   0.327356
 457  -18209.4636652   0.327967
 458  -18209.4631791   0.328453
 459  -18209.4628022   0.328830
 460  -18209.462281   0.329351
 461  -18209.4622019   0.329430
 462  -18209.4610598   0.330572
 463  -18209.4598698   0.331762
 464  -18209.4597705   0.331861
 465  -18209.4593733   0.332258
 466  -18209.4588861   0.332746
 467  -18209.4587353   0.332897
 468  -18209.4586845   0.332947
 469  -18209.4585274   0.333104
 470  -18209.4585064   0.333125
 471  -18209.4584288   0.333203
 472  -18209.4583808   0.333251
 473  -18209.4583332   0.333299
 474  -18209.458231   0.333401
 475  -18209.4578859   0.333746
 476  -18209.4578181   0.333814
 477  -18209.4575963   0.334036
 478  -18209.457356   0.334276
 479  -18209.4571477   0.334484
 480  -18209.4568021   0.334830
 481  -18209.4567119   0.334920
 482  -18209.4566756   0.334956
 483  -18209.4566439   0.334988
 484  -18209.4560871   0.335545
 485  -18209.456057   0.335575
 486  -18209.4559645   0.335667
 487  -18209.455794   0.335838
 488  -18209.4557105   0.335921
 489  -18209.4555765   0.336055
 490  -18209.4547864   0.336845
 491  -18209.4547001   0.336932
 492  -18209.4542901   0.337342
 493  -18209.4541487   0.337483
 494  -18209.4541111   0.337521
 495  -18209.453697   0.337935
 496  -18209.4536954   0.337936
 497  -18209.4535554   0.338076
 498  -18209.4534077   0.338224
 499  -18209.4532175   0.338414
 500  -18209.4527293   0.338902
 501  -18209.4525117   0.339120
 502  -18209.4523272   0.339305
 503  -18209.4522724   0.339359
 504  -18209.4518821   0.339750
 505  -18209.4516486   0.339983
 506  -18209.45155   0.340082
 507  -18209.4514498   0.340182
 508  -18209.451191   0.340441
 509  -18209.4511536   0.340478
 510  -18209.450891   0.340741
 511  -18209.450733   0.340899
 512  -18209.4503781   0.341254
 513  -18209.4497514   0.341880
 514  -18209.4497354   0.341896
 515  -18209.4497133   0.341918
 516  -18209.4492647   0.342367
 517  -18209.4491258   0.342506
 518  -18209.4489415   0.342690
 519  -18209.4485628   0.343069
 520  -18209.4468008   0.344831
 521  -18209.4467878   0.344844
 522  -18209.4466592   0.344973
 523  -18209.4464326   0.345199
 524  -18209.446249   0.345383
 525  -18209.4460411   0.345591
 526  -18209.446024   0.345608
 527  -18209.4457567   0.345875
 528  -18209.44565   0.345982
 529  -18209.4450119   0.346620
 530  -18209.4444273   0.347204
 531  -18209.4442585   0.347373
 532  -18209.4433064   0.348325
 533  -18209.4432792   0.348353
 534  -18209.4420465   0.349585
 535  -18209.4420386   0.349593
 536  -18209.441967   0.349665
 537  -18209.4419238   0.349708
 538  -18209.4411598   0.350472
 539  -18209.4410491   0.350583
 540  -18209.4409247   0.350707
 541  -18209.4408345   0.350797
 542  -18209.4407814   0.350850
 543  -18209.4407728   0.350859
 544  -18209.4406281   0.351004
 545  -18209.4392817   0.352350
 546  -18209.4385245   0.353107
 547  -18209.4384431   0.353189
 548  -18209.4379259   0.353706
 549  -18209.4371224   0.354509
 550  -18209.4370975   0.354534
 551  -18209.4370483   0.354584
 552  -18209.4368871   0.354745
 553  -18209.436733   0.354899
 554  -18209.4367316   0.354900
 555  -18209.4361775   0.355454
 556  -18209.4361125   0.355519
 557  -18209.4360136   0.355618
 558  -18209.4359951   0.355637
 559  -18209.4358189   0.355813
 560  -18209.4355893   0.356042
 561  -18209.4354124   0.356219
 562  -18209.435296   0.356336
 563  -18209.4352632   0.356369
 564  -18209.4350888   0.356543
 565  -18209.4345165   0.357115
 566  -18209.4344964   0.357135
 567  -18209.4344321   0.357200
 568  -18209.4340477   0.357584
 569  -18209.4336134   0.358018
 570  -18209.4335959   0.358036
 571  -18209.4334003   0.358231
 572  -18209.4333735   0.358258
 573  -18209.4332983   0.358334
 574  -18209.4332658   0.358366
 575  -18209.4331907   0.358441
 576  -18209.4326483   0.358983
 577  -18209.4325464   0.359085
 578  -18209.4324194   0.359212
 579  -18209.4321538   0.359478
 580  -18209.4318728   0.359759
 581  -18209.4314618   0.360170
 582  -18209.4312099   0.360422
 583  -18209.4312028   0.360429
 584  -18209.4310884   0.360543
 585  -18209.4303945   0.361237
 586  -18209.4303725   0.361259
 587  -18209.4299253   0.361706
 588  -18209.429859   0.361773
 589  -18209.4297613   0.361870
 590  -18209.4295337   0.362098
 591  -18209.4294662   0.362166
 592  -18209.4293521   0.362280
 593  -18209.4290077   0.362624
 594  -18209.4288868   0.362745
 595  -18209.4288699   0.362762
 596  -18209.4282888   0.363343
 597  -18209.4280361   0.363596
 598  -18209.4280189   0.363613
 599  -18209.4279041   0.363728
 600  -18209.4278212   0.363811
 601  -18209.4277204   0.363911
 602  -18209.4272952   0.364337
 603  -18209.4272454   0.364386
 604  -18209.4268524   0.364779
 605  -18209.4262158   0.365416
 606  -18209.4259114   0.365720
 607  -18209.4254314   0.366200
 608  -18209.4249999   0.366632
 609  -18209.4249998   0.366632
 610  -18209.4248998   0.366732
 611  -18209.4247282   0.366904
 612  -18209.4246004   0.367031
 613  -18209.4245315   0.367100
 614  -18209.4237615   0.367870
 615  -18209.4237583   0.367873
 616  -18209.4236366   0.367995
 617  -18209.4230255   0.368606
 618  -18209.4223864   0.369245
 619  -18209.4217577   0.369874
 620  -18209.4217212   0.369911
 621  -18209.4212522   0.370380
 622  -18209.4211291   0.370503
 623  -18209.4209868   0.370645
 624  -18209.4207707   0.370861
 625  -18209.4207401   0.370892
 626  -18209.4201433   0.371488
 627  -18209.4200785   0.371553
 628  -18209.420047   0.371585
 629  -18209.4199382   0.371694
 630  -18209.4195713   0.372060
 631  -18209.4195327   0.372099
 632  -18209.4191936   0.372438
 633  -18209.4189556   0.372676
 634  -18209.4184602   0.373172
 635  -18209.4180041   0.373628
 636  -18209.4177647   0.373867
 637  -18209.4177604   0.373871
 638  -18209.4176446   0.373987
 639  -18209.4175203   0.374111
 640  -18209.4173117   0.374320
 641  -18209.4173061   0.374326
 642  -18209.4169725   0.374659
 643  -18209.4166629   0.374969
 644  -18209.416243   0.375389
 645  -18209.4161792   0.375453
 646  -18209.4157387   0.375893
 647  -18209.4153499   0.376282
 648  -18209.4148448   0.376787
 649  -18209.4144305   0.377201
 650  -18209.4144233   0.377208
 651  -18209.4142366   0.377395
 652  -18209.4137824   0.377849
 653  -18209.4136112   0.378021
 654  -18209.413318   0.378314
 655  -18209.413276   0.378356
 656  -18209.4132411   0.378391
 657  -18209.4132022   0.378430
 658  -18209.412919   0.378713
 659  -18209.4128552   0.378777
 660  -18209.4126586   0.378973
 661  -18209.4124277   0.379204
 662  -18209.4118367   0.379795
 663  -18209.4116388   0.379993
 664  -18209.4113512   0.380281
 665  -18209.4112373   0.380394
 666  -18209.4107751   0.380857
 667  -18209.4099422   0.381690
 668  -18209.4093148   0.382317
 669  -18209.409186   0.382446
 670  -18209.4087182   0.382914
 671  -18209.4081345   0.383497
 672  -18209.408006   0.383626
 673  -18209.4077408   0.383891
 674  -18209.4076413   0.383990
 675  -18209.4070056   0.384626
 676  -18209.4067305   0.384901
 677  -18209.4056459   0.385986
 678  -18209.4056393   0.385992
 679  -18209.4056028   0.386029
 680  -18209.4054668   0.386165
 681  -18209.4050219   0.386610
 682  -18209.4049333   0.386698
 683  -18209.4049049   0.386727
 684  -18209.4046378   0.386994
 685  -18209.4042358   0.387396
 686  -18209.4041831   0.387449
 687  -18209.4041415   0.387490
 688  -18209.4037783   0.387854
 689  -18209.4033067   0.388325
 690  -18209.4030936   0.388538
 691  -18209.4019759   0.389656
 692  -18209.4015299   0.390102
 693  -18209.4015225   0.390109
 694  -18209.4012575   0.390374
 695  -18209.4012403   0.390391
 696  -18209.4012274   0.390404
 697  -18209.4008778   0.390754
 698  -18209.4008303   0.390801
 699  -18209.4003437   0.391288
 700  -18209.4001777   0.391454
 701  -18209.4000974   0.391534
 702  -18209.3997411   0.391891
 703  -18209.399202   0.392430
 704  -18209.3987606   0.392871
 705  -18209.3987492   0.392883
 706  -18209.3986054   0.393026
 707  -18209.3981543   0.393477
 708  -18209.3981429   0.393489
 709  -18209.3977638   0.393868
 710  -18209.3970677   0.394564
 711  -18209.3969086   0.394723
 712  -18209.3963201   0.395312
 713  -18209.3960872   0.395545
 714  -18209.3960551   0.395577
 715  -18209.3956519   0.395980
 716  -18209.3950338   0.396598
 717  -18209.394814   0.396818
 718  -18209.3944867   0.397145
 719  -18209.3944294   0.397202
 720  -18209.3943762   0.397256
 721  -18209.3943178   0.397314
 722  -18209.3942744   0.397357
 723  -18209.3941959   0.397436
 724  -18209.3937013   0.397930
 725  -18209.3935764   0.398055
 726  -18209.3931786   0.398453
 727  -18209.3931043   0.398527
 728  -18209.3927434   0.398888
 729  -18209.3927253   0.398906
 730  -18209.3925176   0.399114
 731  -18209.3923507   0.399281
 732  -18209.3922505   0.399381
 733  -18209.3922475   0.399384
 734  -18209.3921408   0.399491
 735  -18209.391584   0.400048
 736  -18209.3913872   0.400245
 737  -18209.3910263   0.400605
 738  -18209.3909118   0.400720
 739  -18209.3909058   0.400726
 740  -18209.3907838   0.400848
 741  -18209.3907105   0.400921
 742  -18209.3906551   0.400977
 743  -18209.3904956   0.401136
 744  -18209.3896695   0.401962
 745  -18209.3895171   0.402115
 746  -18209.3890895   0.402542
 747  -18209.3886731   0.402959
 748  -18209.3882204   0.403411
 749  -18209.3881306   0.403501
 750  -18209.387864   0.403768
 751  -18209.3870398   0.404592
 752  -18209.3869076   0.404724
 753  -18209.386262   0.405370
 754  -18209.3862195   0.405412
 755  -18209.385879   0.405753
 756  -18209.3858664   0.405765
 757  -18209.3858554   0.405776
 758  -18209.385429   0.406203
 759  -18209.3844111   0.407221
 760  -18209.384352   0.407280
 761  -18209.3837414   0.407890
 762  -18209.3836196   0.408012
 763  -18209.383565   0.408067
 764  -18209.3832003   0.408432
 765  -18209.3831011   0.408531
 766  -18209.3830623   0.408569
 767  -18209.3818009   0.409831
 768  -18209.381682   0.409950
 769  -18209.381551   0.410081
 770  -18209.3814085   0.410223
 771  -18209.3813215   0.410310
 772  -18209.3812267   0.410405
 773  -18209.3806947   0.410937
 774  -18209.3805412   0.411091
 775  -18209.3803047   0.411327
 776  -18209.3797637   0.411868
 777  -18209.3796604   0.411971
 778  -18209.3795862   0.412046
 779  -18209.3791909   0.412441
 780  -18209.3790951   0.412537
 781  -18209.3790558   0.412576
 782  -18209.3790212   0.412611
 783  -18209.3786044   0.413027
 784  -18209.3782333   0.413398
 785  -18209.3782086   0.413423
 786  -18209.3780563   0.413575
 787  -18209.3778892   0.413743
 788  -18209.3778356   0.413796
 789  -18209.377725   0.413907
 790  -18209.377343   0.414289
 791  -18209.3767506   0.414881
 792  -18209.3766842   0.414948
 793  -18209.3766729   0.414959
 794  -18209.3766708   0.414961
 795  -18209.3765684   0.415063
 796  -18209.3764579   0.415174
 797  -18209.3759977   0.415634
 798  -18209.3759668   0.415665
 799  -18209.3757774   0.415854
 800  -18209.3751416   0.416490
 801  -18209.3747626   0.416869
 802  -18209.3746665   0.416965
 803  -18209.3745614   0.417070
 804  -18209.3736624   0.417969
 805  -18209.3734469   0.418185
 806  -18209.3724309   0.419201
 807  -18209.371417   0.420215
 808  -18209.3712001   0.420432
 809  -18209.3705822   0.421050
 810  -18209.3703029   0.421329
 811  -18209.3702946   0.421337
 812  -18209.3702658   0.421366
 813  -18209.3697264   0.421905
 814  -18209.3691128   0.422519
 815  -18209.3687613   0.422870
 816  -18209.368364   0.423268
 817  -18209.3671668   0.424465
 818  -18209.3671356   0.424496
 819  -18209.3670729   0.424559
 820  -18209.3660323   0.425599
 821  -18209.3656709   0.425961
 822  -18209.3656543   0.425977
 823  -18209.3656257   0.426006
 824  -18209.3647939   0.426838
 825  -18209.3645047   0.427127
 826  -18209.3643361   0.427296
 827  -18209.3634532   0.428179
 828  -18209.3631892   0.428443
 829  -18209.3630672   0.428565
 830  -18209.3626193   0.429013
 831  -18209.3623814   0.429250
 832  -18209.3619695   0.429662
 833  -18209.361772   0.429860
 834  -18209.3615576   0.430074
 835  -18209.3613938   0.430238
 836  -18209.3613062   0.430326
 837  -18209.3585913   0.433041
 838  -18209.3583459   0.433286
 839  -18209.3578497   0.433782
 840  -18209.3578227   0.433809
 841  -18209.3577007   0.433931
 842  -18209.3576078   0.434024
 843  -18209.3563725   0.435259
 844  -18209.3563355   0.435296
 845  -18209.3548363   0.436795
 846  -18209.3546962   0.436936
 847  -18209.3546142   0.437018
 848  -18209.3543707   0.437261
 849  -18209.3535569   0.438075
 850  -18209.3525266   0.439105
 851  -18209.3522631   0.439369
 852  -18209.3517413   0.439890
 853  -18209.3516257   0.440006
 854  -18209.3515528   0.440079
 855  -18209.3506826   0.440949
 856  -18209.3506194   0.441012
 857  -18209.3506085   0.441023
 858  -18209.3500567   0.441575
 859  -18209.3497449   0.441887
 860  -18209.3496893   0.441942
 861  -18209.3495442   0.442088
 862  -18209.348979   0.442653
 863  -18209.3488466   0.442785
 864  -18209.3484405   0.443191
 865  -18209.3483124   0.443319
 866  -18209.3468892   0.444743
 867  -18209.3466075   0.445024
 868  -18209.3458207   0.445811
 869  -18209.3446791   0.446953
 870  -18209.344645   0.446987
 871  -18209.3443823   0.447249
 872  -18209.3441417   0.447490
 873  -18209.3425716   0.449060
 874  -18209.3424497   0.449182
 875  -18209.3420664   0.449565
 876  -18209.3419525   0.449679
 877  -18209.3418488   0.449783
 878  -18209.3409517   0.450680
 879  -18209.3409168   0.450715
 880  -18209.3407669   0.450865
 881  -18209.3404092   0.451223
 882  -18209.3403963   0.451236
 883  -18209.3380235   0.453608
 884  -18209.3370017   0.454630
 885  -18209.3367201   0.454912
 886  -18209.336217   0.455415
 887  -18209.3357325   0.455899
 888  -18209.3354106   0.456221
 889  -18209.3352739   0.456358
 890  -18209.3345716   0.457060
 891  -18209.3343279   0.457304
 892  -18209.3340915   0.457540
 893  -18209.3337235   0.457908
 894  -18209.3336042   0.458028
 895  -18209.3329043   0.458727
 896  -18209.3325549   0.459077
 897  -18209.3324761   0.459156
 898  -18209.332407   0.459225
 899  -18209.3322619   0.459370
 900  -18209.3322108   0.459421
 901  -18209.3319509   0.459681
 902  -18209.3315231   0.460109
 903  -18209.330983   0.460649
 904  -18209.3306684   0.460963
 905  -18209.3300909   0.461541
 906  -18209.3300686   0.461563
 907  -18209.329975   0.461657
 908  -18209.3297889   0.461843
 909  -18209.3293364   0.462295
 910  -18209.3292744   0.462357
 911  -18209.3290348   0.462597
 912  -18209.328583   0.463049
 913  -18209.3280195   0.463612
 914  -18209.3273877   0.464244
 915  -18209.3267397   0.464892
 916  -18209.3267226   0.464909
 917  -18209.3263122   0.465320
 918  -18209.326069   0.465563
 919  -18209.3259863   0.465646
 920  -18209.3258369   0.465795
 921  -18209.325645   0.465987
 922  -18209.3254335   0.466198
 923  -18209.3253567   0.466275
 924  -18209.3247864   0.466845
 925  -18209.3247545   0.466877
 926  -18209.3246291   0.467003
 927  -18209.3239005   0.467731
 928  -18209.3233939   0.468238
 929  -18209.3233862   0.468246
 930  -18209.3231565   0.468475
 931  -18209.322878   0.468754
 932  -18209.3226459   0.468986
 933  -18209.3223867   0.469245
 934  -18209.3216959   0.469936
 935  -18209.3215048   0.470127
 936  -18209.321179   0.470453
 937  -18209.3205599   0.471072
 938  -18209.3204895   0.471142
 939  -18209.3201887   0.471443
 940  -18209.320036   0.471596
 941  -18209.3197152   0.471917
 942  -18209.3196316   0.472000
 943  -18209.3195216   0.472110
 944  -18209.3193001   0.472332
 945  -18209.3190468   0.472585
 946  -18209.3188844   0.472747
 947  -18209.3187978   0.472834
 948  -18209.318373   0.473259
 949  -18209.3170154   0.474616
 950  -18209.3160894   0.475542
 951  -18209.3160853   0.475546
 952  -18209.3143433   0.477288
 953  -18209.3135862   0.478046
 954  -18209.3130693   0.478563
 955  -18209.3128552   0.478777
 956  -18209.3127135   0.478918
 957  -18209.3120692   0.479563
 958  -18209.3118054   0.479826
 959  -18209.3117943   0.479837
 960  -18209.310108   0.481524
 961  -18209.309951   0.481681
 962  -18209.3095407   0.482091
 963  -18209.3094838   0.482148
 964  -18209.3089535   0.482678
 965  -18209.3089293   0.482702
 966  -18209.3089072   0.482725
 967  -18209.3086195   0.483012
 968  -18209.3085606   0.483071
 969  -18209.3082639   0.483368
 970  -18209.3079448   0.483687
 971  -18209.3079259   0.483706
 972  -18209.3068665   0.484765
 973  -18209.3068656   0.484766
 974  -18209.3066769   0.484955
 975  -18209.3063361   0.485296
 976  -18209.3063019   0.485330
 977  -18209.3062165   0.485415
 978  -18209.3058813   0.485750
 979  -18209.3052946   0.486337
 980  -18209.3049206   0.486711
 981  -18209.3038734   0.487758
 982  -18209.302943   0.488689
 983  -18209.3021334   0.489498
 984  -18209.3010062   0.490626
 985  -18209.2998443   0.491787
 986  -18209.2996826   0.491949
 987  -18209.2994994   0.492132
 988  -18209.2983147   0.493317
 989  -18209.2973026   0.494329
 990  -18209.2972691   0.494363
 991  -18209.2968452   0.494787
 992  -18209.2959417   0.495690
 993  -18209.2959075   0.495724
 994  -18209.2958674   0.495764
 995  -18209.2957123   0.495919
 996  -18209.2956761   0.495956
 997  -18209.2955471   0.496085
 998  -18209.29537   0.496262
 999  -18209.2946384   0.496993
1000  -18209.2942264   0.497405
1001  -18209.2934023   0.498229
1002  -18209.2932276   0.498404
1003  -18209.2928372   0.498795
1004  -18209.2927273   0.498905
1005  -18209.2925688   0.499063
1006  -18209.2922877   0.499344
1007  -18209.2922021   0.499430
1008  -18209.2920769   0.499555
1009  -18209.2913015   0.500330
1010  -18209.2904912   0.501141
1011  -18209.2904595   0.501172
1012  -18209.290314   0.501318
1013  -18209.2902171   0.501415
1014  -18209.2901033   0.501528
1015  -18209.2897668   0.501865
1016  -18209.2896709   0.501961
1017  -18209.289349   0.502283
1018  -18209.2884797   0.503152
1019  -18209.2883813   0.503250
1020  -18209.288221   0.503411
1021  -18209.2880702   0.503562
1022  -18209.288051   0.503581
1023  -18209.2879025   0.503729
1024  -18209.2860907   0.505541
1025  -18209.2859414   0.505690
1026  -18209.2856785   0.505953
1027  -18209.2854554   0.506176
1028  -18209.2848728   0.506759
1029  -18209.2848288   0.506803
1030  -18209.2840842   0.507548
1031  -18209.2828249   0.508807
1032  -18209.2825581   0.509074
1033  -18209.2821075   0.509524
1034  -18209.2819806   0.509651
1035  -18209.2819355   0.509696
1036  -18209.281672   0.509960
1037  -18209.2816272   0.510005
1038  -18209.2815498   0.510082
1039  -18209.2812752   0.510357
1040  -18209.2811565   0.510475
1041  -18209.2807208   0.510911
1042  -18209.2800702   0.511562
1043  -18209.2797723   0.511859
1044  -18209.2796108   0.512021
1045  -18209.2781646   0.513467
1046  -18209.2781236   0.513508
1047  -18209.2781148   0.513517
1048  -18209.2778083   0.513823
1049  -18209.2777413   0.513890
1050  -18209.2776958   0.513936
1051  -18209.2776837   0.513948
1052  -18209.2772451   0.514387
1053  -18209.2752648   0.516367
1054  -18209.2733086   0.518323
1055  -18209.2730776   0.518554
1056  -18209.2729253   0.518706
1057  -18209.2724691   0.519163
1058  -18209.2721751   0.519457
1059  -18209.2719443   0.519688
1060  -18209.2716157   0.520016
1061  -18209.2713779   0.520254
1062  -18209.2702491   0.521383
1063  -18209.2702351   0.521397
1064  -18209.2701245   0.521507
1065  -18209.2699723   0.521659
1066  -18209.2696058   0.522026
1067  -18209.2695935   0.522038
1068  -18209.2694927   0.522139
1069  -18209.2693874   0.522244
1070  -18209.2684616   0.523170
1071  -18209.2684512   0.523181
1072  -18209.2679206   0.523711
1073  -18209.2673455   0.524286
1074  -18209.2670208   0.524611
1075  -18209.2667448   0.524887
1076  -18209.2663572   0.525275
1077  -18209.2662583   0.525374
1078  -18209.2660913   0.525540
1079  -18209.2660877   0.525544
1080  -18209.2659469   0.525685
1081  -18209.2655242   0.526108
1082  -18209.2654605   0.526171
1083  -18209.2654004   0.526231
1084  -18209.2651857   0.526446
1085  -18209.2649909   0.526641
1086  -18209.2647107   0.526921
1087  -18209.2644199   0.527212
1088  -18209.2642309   0.527401
1089  -18209.2638502   0.527782
1090  -18209.263714   0.527918
1091  -18209.2632599   0.528372
1092  -18209.2630436   0.528588
1093  -18209.2627844   0.528847
1094  -18209.2620971   0.529535
1095  -18209.2620078   0.529624
1096  -18209.261636   0.529996
1097  -18209.2614477   0.530184
1098  -18209.2612997   0.530332
1099  -18209.2607511   0.530881
1100  -18209.2586195   0.533012
1101  -18209.2582681   0.533364
1102  -18209.2574465   0.534185
1103  -18209.2568393   0.534792
1104  -18209.2564915   0.535140
1105  -18209.2563518   0.535280
1106  -18209.2563517   0.535280
1107  -18209.2563259   0.535306
1108  -18209.2554405   0.536191
1109  -18209.2553364   0.536295
1110  -18209.2552807   0.536351
1111  -18209.2550732   0.536559
1112  -18209.2538812   0.537751
1113  -18209.2538299   0.537802
1114  -18209.2537911   0.537841
1115  -18209.2535187   0.538113
1116  -18209.2533379   0.538294
1117  -18209.2532877   0.538344
1118  -18209.2532635   0.538368
1119  -18209.2531717   0.538460
1120  -18209.2529211   0.538711
1121  -18209.2528547   0.538777
1122  -18209.2521689   0.539463
1123  -18209.2516802   0.539952
1124  -18209.251394   0.540238
1125  -18209.2508367   0.540795
1126  -18209.2506887   0.540943
1127  -18209.2505821   0.541050
1128  -18209.2504177   0.541214
1129  -18209.2503456   0.541286
1130  -18209.2502812   0.541351
1131  -18209.2499206   0.541711
1132  -18209.2495917   0.542040
1133  -18209.249551   0.542081
1134  -18209.2485439   0.543088
1135  -18209.2483763   0.543256
1136  -18209.2478845   0.543747
1137  -18209.2474887   0.544143
1138  -18209.2473978   0.544234
1139  -18209.2467947   0.544837
1140  -18209.2467416   0.544890
1141  -18209.24672   0.544912
1142  -18209.2462717   0.545360
1143  -18209.2461248   0.545507
1144  -18209.2456494   0.545982
1145  -18209.2440675   0.547564
1146  -18209.2439766   0.547655
1147  -18209.2438609   0.547771
1148  -18209.2436876   0.547944
1149  -18209.243427   0.548205
1150  -18209.2431653   0.548467
1151  -18209.2429543   0.548677
1152  -18209.2423947   0.549237
1153  -18209.2421241   0.549508
1154  -18209.2417054   0.549926
1155  -18209.2415146   0.550117
1156  -18209.2406619   0.550970
1157  -18209.2399781   0.551654
1158  -18209.238983   0.552649
1159  -18209.2389104   0.552721
1160  -18209.2383613   0.553271
1161  -18209.2381291   0.553503
1162  -18209.2379622   0.553670
1163  -18209.2375743   0.554057
1164  -18209.2375154   0.554116
1165  -18209.2373616   0.554270
1166  -18209.2373401   0.554292
1167  -18209.2373017   0.554330
1168  -18209.2370946   0.554537
1169  -18209.236964   0.554668
1170  -18209.2366427   0.554989
1171  -18209.2358315   0.555800
1172  -18209.2357753   0.555856
1173  -18209.2356579   0.555974
1174  -18209.2356216   0.556010
1175  -18209.2340169   0.557615
1176  -18209.2337693   0.557862
1177  -18209.2331125   0.558519
1178  -18209.2328522   0.558780
1179  -18209.2328173   0.558815
1180  -18209.2322709   0.559361
1181  -18209.2322434   0.559388
1182  -18209.2321614   0.559470
1183  -18209.2316305   0.560001
1184  -18209.2316209   0.560011
1185  -18209.2316125   0.560019
1186  -18209.2314631   0.560169
1187  -18209.2310321   0.560600
1188  -18209.2306216   0.561010
1189  -18209.2305342   0.561098
1190  -18209.230089   0.561543
1191  -18209.2298686   0.561763
1192  -18209.229726   0.561906
1193  -18209.2295567   0.562075
1194  -18209.2290375   0.562594
1195  -18209.2286389   0.562993
1196  -18209.2286354   0.562996
1197  -18209.2280851   0.563547
1198  -18209.2277659   0.563866
1199  -18209.2274525   0.564179
1200  -18209.2270575   0.564574
1201  -18209.2267482   0.564884
1202  -18209.2267147   0.564917
1203  -18209.2258956   0.565736
1204  -18209.225797   0.565835
1205  -18209.2254953   0.566136
1206  -18209.2254738   0.566158
1207  -18209.2252593   0.566372
1208  -18209.2251225   0.566509
1209  -18209.2250193   0.566612
1210  -18209.2244946   0.567137
1211  -18209.2242896   0.567342
1212  -18209.2241901   0.567442
1213  -18209.2239641   0.567668
1214  -18209.2237523   0.567879
1215  -18209.2232037   0.568428
1216  -18209.2227438   0.568888
1217  -18209.2220924   0.569539
1218  -18209.2220577   0.569574
1219  -18209.2217664   0.569865
1220  -18209.2217226   0.569909
1221  -18209.2216942   0.569938
1222  -18209.2215887   0.570043
1223  -18209.220518   0.571114
1224  -18209.2194242   0.572208
1225  -18209.219412   0.572220
1226  -18209.2189295   0.572702
1227  -18209.2187778   0.572854
1228  -18209.2182909   0.573341
1229  -18209.2182851   0.573347
1230  -18209.2182664   0.573365
1231  -18209.2181875   0.573444
1232  -18209.2178327   0.573799
1233  -18209.2174493   0.574183
1234  -18209.2172852   0.574347
1235  -18209.2172549   0.574377
1236  -18209.2166544   0.574977
1237  -18209.2164065   0.575225
1238  -18209.2157449   0.575887
1239  -18209.2157221   0.575910
1240  -18209.2151555   0.576476
1241  -18209.214706   0.576926
1242  -18209.2145862   0.577046
1243  -18209.2144748   0.577157
1244  -18209.2142342   0.577398
1245  -18209.2140515   0.577580
1246  -18209.213986   0.577646
1247  -18209.2133914   0.578240
1248  -18209.2133674   0.578264
1249  -18209.2123869   0.579245
1250  -18209.2110754   0.580556
1251  -18209.2106561   0.580976
1252  -18209.2103903   0.581242
1253  -18209.2098913   0.581740
1254  -18209.2095102   0.582122
1255  -18209.2088899   0.582742
1256  -18209.207722   0.583910
1257  -18209.2075301   0.584102
1258  -18209.2073201   0.584312
1259  -18209.2072844   0.584347
1260  -18209.2068379   0.584794
1261  -18209.2067778   0.584854
1262  -18209.2060163   0.585616
1263  -18209.2054989   0.586133
1264  -18209.2049666   0.586665
1265  -18209.2049602   0.586672
1266  -18209.2047407   0.586891
1267  -18209.2045073   0.587124
1268  -18209.2044711   0.587161
1269  -18209.2041154   0.587516
1270  -18209.2038372   0.587795
1271  -18209.2035221   0.588110
1272  -18209.2034372   0.588195
1273  -18209.2028287   0.588803
1274  -18209.2026264   0.589005
1275  -18209.2023866   0.589245
1276  -18209.2023615   0.589270
1277  -18209.2023244   0.589307
1278  -18209.202216   0.589416
1279  -18209.202187   0.589445
1280  -18209.2018308   0.589801
1281  -18209.2017034   0.589928
1282  -18209.2016983   0.589933
1283  -18209.2015257   0.590106
1284  -18209.2013703   0.590261
1285  -18209.2009759   0.590656
1286  -18209.2000892   0.591543
1287  -18209.1998712   0.591761
1288  -18209.1997901   0.591842
1289  -18209.1996635   0.591968
1290  -18209.1994764   0.592155
1291  -18209.1991909   0.592441
1292  -18209.1989906   0.592641
1293  -18209.1986491   0.592983
1294  -18209.1986115   0.593020
1295  -18209.1982895   0.593342
1296  -18209.1979593   0.593672
1297  -18209.1979334   0.593698
1298  -18209.1978243   0.593807
1299  -18209.197818   0.593814
1300  -18209.1962689   0.595363
1301  -18209.196141   0.595491
1302  -18209.1960793   0.595552
1303  -18209.1959951   0.595637
1304  -18209.195509   0.596123
1305  -18209.1951446   0.596487
1306  -18209.1950658   0.596566
1307  -18209.1949962   0.596636
1308  -18209.1945537   0.597078
1309  -18209.1942285   0.597403
1310  -18209.1938646   0.597767
1311  -18209.1933663   0.598265
1312  -18209.1932937   0.598338
1313  -18209.1926475   0.598984
1314  -18209.1924877   0.599144
1315  -18209.1924638   0.599168
1316  -18209.19242   0.599212
1317  -18209.1921994   0.599432
1318  -18209.191877   0.599755
1319  -18209.1916431   0.599989
1320  -18209.1915791   0.600053
1321  -18209.1913414   0.600290
1322  -18209.1912191   0.600413
1323  -18209.1911121   0.600520
1324  -18209.1908996   0.600732
1325  -18209.1908722   0.600760
1326  -18209.1908266   0.600805
1327  -18209.1906292   0.601003
1328  -18209.1903042   0.601328
1329  -18209.1902422   0.601390
1330  -18209.1894295   0.602202
1331  -18209.189414   0.602218
1332  -18209.1889749   0.602657
1333  -18209.188338   0.603294
1334  -18209.1877234   0.603908
1335  -18209.1874568   0.604175
1336  -18209.1868101   0.604822
1337  -18209.1867029   0.604929
1338  -18209.1859696   0.605662
1339  -18209.1850439   0.606588
1340  -18209.1850247   0.606607
1341  -18209.1849103   0.606722
1342  -18209.184819   0.606813
1343  -18209.1847108   0.606921
1344  -18209.1845952   0.607037
1345  -18209.1842136   0.607418
1346  -18209.1841303   0.607501
1347  -18209.1839782   0.607654
1348  -18209.1838664   0.607765
1349  -18209.183668   0.607964
1350  -18209.1832826   0.608349
1351  -18209.1831914   0.608440
1352  -18209.1831709   0.608461
1353  -18209.1828775   0.608754
1354  -18209.1828145   0.608817
1355  -18209.182624   0.609008
1356  -18209.1826017   0.609030
1357  -18209.1822443   0.609388
1358  -18209.1821836   0.609448
1359  -18209.1818544   0.609777
1360  -18209.1816853   0.609947
1361  -18209.1816314   0.610000
1362  -18209.1805293   0.611102
1363  -18209.1802295   0.611402
1364  -18209.1794321   0.612200
1365  -18209.1793512   0.612281
1366  -18209.179191   0.612441
1367  -18209.1779176   0.613714
1368  -18209.177377   0.614255
1369  -18209.1772524   0.614379
1370  -18209.1772005   0.614431
1371  -18209.1769423   0.614689
1372  -18209.1769397   0.614692
1373  -18209.1768487   0.614783
1374  -18209.1767915   0.614840
1375  -18209.1766543   0.614977
1376  -18209.1764516   0.615180
1377  -18209.1763447   0.615287
1378  -18209.1763067   0.615325
1379  -18209.1757536   0.615878
1380  -18209.175145   0.616487
1381  -18209.1746508   0.616981
1382  -18209.1736542   0.617978
1383  -18209.1731096   0.618522
1384  -18209.1728205   0.618811
1385  -18209.1725572   0.619075
1386  -18209.1722385   0.619393
1387  -18209.1718114   0.619820
1388  -18209.1704811   0.621151
1389  -18209.1699499   0.621682
1390  -18209.169355   0.622277
1391  -18209.1687609   0.622871
1392  -18209.1684869   0.623145
1393  -18209.167867   0.623765
1394  -18209.1677709   0.623861
1395  -18209.1673632   0.624269
1396  -18209.1665308   0.625101
1397  -18209.1664753   0.625156
1398  -18209.1664056   0.625226
1399  -18209.1655674   0.626064
1400  -18209.165209   0.626423
1401  -18209.1639387   0.627693
1402  -18209.1639325   0.627699
1403  -18209.1636441   0.627988
1404  -18209.1634967   0.628135
1405  -18209.1633129   0.628319
1406  -18209.1632432   0.628389
1407  -18209.1628435   0.628788
1408  -18209.1626288   0.629003
1409  -18209.1625644   0.629067
1410  -18209.162091   0.629541
1411  -18209.1620263   0.629605
1412  -18209.1616924   0.629939
1413  -18209.1615987   0.630033
1414  -18209.1614484   0.630183
1415  -18209.1604899   0.631142
1416  -18209.1603292   0.631303
1417  -18209.1602614   0.631370
1418  -18209.1601829   0.631449
1419  -18209.159852   0.631780
1420  -18209.1598217   0.631810
1421  -18209.1596804   0.631951
1422  -18209.1593538   0.632278
1423  -18209.1590291   0.632603
1424  -18209.158987   0.632645
1425  -18209.158663   0.632969
1426  -18209.158527   0.633105
1427  -18209.1579091   0.633723
1428  -18209.1577209   0.633911
1429  -18209.1576308   0.634001
1430  -18209.1573541   0.634278
1431  -18209.1571965   0.634435
1432  -18209.1569553   0.634676
1433  -18209.1569395   0.634692
1434  -18209.1568911   0.634741
1435  -18209.1568875   0.634744
1436  -18209.1566221   0.635010
1437  -18209.1562154   0.635416
1438  -18209.156144   0.635488
1439  -18209.1560951   0.635537
1440  -18209.1560387   0.635593
1441  -18209.1556878   0.635944
1442  -18209.1556006   0.636031
1443  -18209.1545782   0.637054
1444  -18209.1542766   0.637355
1445  -18209.1536386   0.637993
1446  -18209.1535844   0.638047
1447  -18209.1534096   0.638222
1448  -18209.1528696   0.638762
1449  -18209.1520344   0.639597
1450  -18209.1519081   0.639724
1451  -18209.151804   0.639828
1452  -18209.1517525   0.639879
1453  -18209.151679   0.639953
1454  -18209.151545   0.640087
1455  -18209.1513579   0.640274
1456  -18209.1510367   0.640595
1457  -18209.1506164   0.641015
1458  -18209.150611   0.641021
1459  -18209.1501606   0.641471
1460  -18209.1501045   0.641527
1461  -18209.1500525   0.641579
1462  -18209.1498665   0.641765
1463  -18209.1496497   0.641982
1464  -18209.1492625   0.642369
1465  -18209.1490513   0.642580
1466  -18209.1481829   0.643449
1467  -18209.1481005   0.643531
1468  -18209.148057   0.643575
1469  -18209.1479513   0.643680
1470  -18209.1477635   0.643868
1471  -18209.1477407   0.643891
1472  -18209.147539   0.644093
1473  -18209.1473976   0.644234
1474  -18209.1472067   0.644425
1475  -18209.1470541   0.644578
1476  -18209.1470407   0.644591
1477  -18209.146787   0.644845
1478  -18209.1467455   0.644886
1479  -18209.1465271   0.645105
1480  -18209.1463293   0.645302
1481  -18209.1463174   0.645314
1482  -18209.1461276   0.645504
1483  -18209.1459739   0.645658
1484  -18209.145944   0.645688
1485  -18209.1457973   0.645834
1486  -18209.1453688   0.646263
1487  -18209.1452165   0.646415
1488  -18209.1451709   0.646461
1489  -18209.1444916   0.647140
1490  -18209.1437789   0.647853
1491  -18209.1434547   0.648177
1492  -18209.1429257   0.648706
1493  -18209.142877   0.648755
1494  -18209.1428109   0.648821
1495  -18209.1426674   0.648964
1496  -18209.1425526   0.649079
1497  -18209.1423699   0.649262
1498  -18209.1422   0.649432
1499  -18209.1421217   0.649510
1500  -18209.142031   0.649601
1501  -18209.1417102   0.649922
1502  -18209.141587   0.650045
1503  -18209.1414188   0.650213
1504  -18209.1413184   0.650313
1505  -18209.1411325   0.650499
1506  -18209.1405204   0.651111
1507  -18209.1402281   0.651404
1508  -18209.1398164   0.651815
1509  -18209.1396807   0.651951
1510  -18209.139506   0.652126
1511  -18209.1394878   0.652144
1512  -18209.1392547   0.652377
1513  -18209.1387486   0.652883
1514  -18209.1387402   0.652892
1515  -18209.1387101   0.652922
1516  -18209.1386345   0.652997
1517  -18209.1385432   0.653089
1518  -18209.1381815   0.653450
1519  -18209.1380584   0.653573
1520  -18209.1379593   0.653673
1521  -18209.1378185   0.653813
1522  -18209.1377333   0.653899
1523  -18209.1376477   0.653984
1524  -18209.1374547   0.654177
1525  -18209.1374068   0.654225
1526  -18209.1369949   0.654637
1527  -18209.1369306   0.654701
1528  -18209.1367324   0.654899
1529  -18209.1367247   0.654907
1530  -18209.13639   0.655242
1531  -18209.1363009   0.655331
1532  -18209.1361727   0.655459
1533  -18209.1360504   0.655581
1534  -18209.1358231   0.655809
1535  -18209.1357056   0.655926
1536  -18209.1353846   0.656247
1537  -18209.135321   0.656311
1538  -18209.1352556   0.656376
1539  -18209.1352134   0.656418
1540  -18209.1349932   0.656639
1541  -18209.1344691   0.657163
1542  -18209.1344535   0.657178
1543  -18209.1344347   0.657197
1544  -18209.1343668   0.657265
1545  -18209.1342118   0.657420
1546  -18209.1339472   0.657685
1547  -18209.1338686   0.657763
1548  -18209.1336383   0.657993
1549  -18209.1334538   0.658178
1550  -18209.1334271   0.658205
1551  -18209.1332232   0.658409
1552  -18209.1329668   0.658665
1553  -18209.1326868   0.658945
1554  -18209.1325589   0.659073
1555  -18209.1324726   0.659159
1556  -18209.1323034   0.659328
1557  -18209.1317444   0.659887
1558  -18209.1313131   0.660319
1559  -18209.1311421   0.660490
1560  -18209.1311364   0.660495
1561  -18209.1307331   0.660899
1562  -18209.1305587   0.661073
1563  -18209.130484   0.661148
1564  -18209.1303287   0.661303
1565  -18209.1301125   0.661519
1566  -18209.1298769   0.661755
1567  -18209.1298439   0.661788
1568  -18209.1297834   0.661848
1569  -18209.1297293   0.661902
1570  -18209.1294105   0.662221
1571  -18209.1293973   0.662234
1572  -18209.1290729   0.662559
1573  -18209.1289737   0.662658
1574  -18209.1289118   0.662720
1575  -18209.1286774   0.662954
1576  -18209.1285715   0.663060
1577  -18209.1283137   0.663318
1578  -18209.127982   0.663650
1579  -18209.127904   0.663728
1580  -18209.1278032   0.663829
1581  -18209.1275287   0.664103
1582  -18209.1275049   0.664127
1583  -18209.1273545   0.664277
1584  -18209.1271267   0.664505
1585  -18209.1270721   0.664560
1586  -18209.1268441   0.664788
1587  -18209.1266534   0.664978
1588  -18209.126501   0.665131
1589  -18209.1264543   0.665177
1590  -18209.1262222   0.665410
1591  -18209.1260958   0.665536
1592  -18209.1260239   0.665608
1593  -18209.1260041   0.665628
1594  -18209.1258377   0.665794
1595  -18209.1250658   0.666566
1596  -18209.1248591   0.666773
1597  -18209.1246755   0.666956
1598  -18209.124633   0.666999
1599  -18209.1243521   0.667280
1600  -18209.1239933   0.667638
1601  -18209.1235594   0.668072
1602  -18209.1235465   0.668085
1603  -18209.1235125   0.668119
1604  -18209.1232882   0.668344
1605  -18209.123174   0.668458
1606  -18209.1230865   0.668545
1607  -18209.1228067   0.668825
1608  -18209.1227345   0.668897
1609  -18209.1218133   0.669818
1610  -18209.1217371   0.669895
1611  -18209.1215512   0.670081
1612  -18209.1211506   0.670481
1613  -18209.1210192   0.670613
1614  -18209.1209718   0.670660
1615  -18209.1202794   0.671352
1616  -18209.1202402   0.671392
1617  -18209.1200588   0.671573
1618  -18209.1200054   0.671626
1619  -18209.1199078   0.671724
1620  -18209.1197938   0.671838
1621  -18209.1196473   0.671984
1622  -18209.1196088   0.672023
1623  -18209.1192312   0.672401
1624  -18209.1189645   0.672667
1625  -18209.1188259   0.672806
1626  -18209.118359   0.673273
1627  -18209.1181858   0.673446
1628  -18209.11818   0.673452
1629  -18209.1181573   0.673474
1630  -18209.1179841   0.673648
1631  -18209.1179158   0.673716
1632  -18209.1178566   0.673775
1633  -18209.1176361   0.673996
1634  -18209.1173099   0.674322
1635  -18209.1166397   0.674992
1636  -18209.1166023   0.675029
1637  -18209.1163935   0.675238
1638  -18209.1160882   0.675544
1639  -18209.1160257   0.675606
1640  -18209.1157533   0.675878
1641  -18209.1155713   0.676060
1642  -18209.115517   0.676115
1643  -18209.1154553   0.676176
1644  -18209.1154509   0.676181
1645  -18209.1147023   0.676929
1646  -18209.1144167   0.677215
1647  -18209.1141162   0.677516
1648  -18209.1140271   0.677605
1649  -18209.1139378   0.677694
1650  -18209.113802   0.677830
1651  -18209.1136771   0.677955
1652  -18209.1134484   0.678183
1653  -18209.1132245   0.678407
1654  -18209.1132   0.678432
1655  -18209.1126926   0.678939
1656  -18209.1124718   0.679160
1657  -18209.1124612   0.679171
1658  -18209.1122665   0.679365
1659  -18209.1120743   0.679557
1660  -18209.111286   0.680346
1661  -18209.110929   0.680703
1662  -18209.1108362   0.680796
1663  -18209.1107685   0.680863
1664  -18209.1106831   0.680949
1665  -18209.1103933   0.681238
1666  -18209.1103832   0.681249
1667  -18209.1102071   0.681425
1668  -18209.1099234   0.681708
1669  -18209.1098358   0.681796
1670  -18209.1094404   0.682191
1671  -18209.1093659   0.682266
1672  -18209.1093047   0.682327
1673  -18209.1090637   0.682568
1674  -18209.1089203   0.682711
1675  -18209.1088368   0.682795
1676  -18209.1082851   0.683347
1677  -18209.1081945   0.683437
1678  -18209.1079243   0.683708
1679  -18209.107709   0.683923
1680  -18209.1073797   0.684252
1681  -18209.1066945   0.684937
1682  -18209.106061   0.685571
1683  -18209.1059548   0.685677
1684  -18209.1058982   0.685734
1685  -18209.1058955   0.685736
1686  -18209.1058607   0.685771
1687  -18209.1057691   0.685863
1688  -18209.1048652   0.686767
1689  -18209.1048069   0.686825
1690  -18209.1046539   0.686978
1691  -18209.1043226   0.687309
1692  -18209.10405   0.687582
1693  -18209.1040069   0.687625
1694  -18209.1039758   0.687656
1695  -18209.1036024   0.688029
1696  -18209.1035275   0.688104
1697  -18209.1034138   0.688218
1698  -18209.1032838   0.688348
1699  -18209.1023963   0.689235
1700  -18209.1023932   0.689239
1701  -18209.1022869   0.689345
1702  -18209.1021865   0.689445
1703  -18209.1021354   0.689496
1704  -18209.1019574   0.689674
1705  -18209.101897   0.689735
1706  -18209.1013125   0.690319
1707  -18209.1012471   0.690385
1708  -18209.1008486   0.690783
1709  -18209.1006164   0.691015
1710  -18209.1003846   0.691247
1711  -18209.1003109   0.691321
1712  -18209.1002453   0.691386
1713  -18209.1001576   0.691474
1714  -18209.0993711   0.692261
1715  -18209.099086   0.692546
1716  -18209.0989694   0.692662
1717  -18209.0986998   0.692932
1718  -18209.0986689   0.692963
1719  -18209.0985991   0.693033
1720  -18209.097995   0.693637
1721  -18209.09793   0.693702
1722  -18209.0976527   0.693979
1723  -18209.0975596   0.694072
1724  -18209.0975387   0.694093
1725  -18209.0971924   0.694439
1726  -18209.0970216   0.694610
1727  -18209.0970203   0.694611
1728  -18209.0969963   0.694636
1729  -18209.096886   0.694746
1730  -18209.0965878   0.695044
1731  -18209.0965466   0.695085
1732  -18209.0964274   0.695204
1733  -18209.0963981   0.695234
1734  -18209.0963445   0.695287
1735  -18209.0959456   0.695686
1736  -18209.0959399   0.695692
1737  -18209.0958886   0.695743
1738  -18209.0955596   0.696072
1739  -18209.0949271   0.696705
1740  -18209.0947511   0.696881
1741  -18209.0946444   0.696987
1742  -18209.0945206   0.697111
1743  -18209.0940824   0.697549
1744  -18209.0940498   0.697582
1745  -18209.0940473   0.697584
1746  -18209.0937731   0.697859
1747  -18209.0936859   0.697946
1748  -18209.0934859   0.698146
1749  -18209.0933359   0.698296
1750  -18209.0926678   0.698964
1751  -18209.0925451   0.699087
1752  -18209.092331   0.699301
1753  -18209.0914422   0.700190
1754  -18209.0913109   0.700321
1755  -18209.0908446   0.700787
1756  -18209.0906841   0.700948
1757  -18209.0902652   0.701367
1758  -18209.0901751   0.701457
1759  -18209.0898491   0.701783
1760  -18209.0895001   0.702132
1761  -18209.0893161   0.702316
1762  -18209.0889981   0.702634
1763  -18209.0888289   0.702803
1764  -18209.0882516   0.703380
1765  -18209.0879058   0.703726
1766  -18209.0876058   0.704026
1767  -18209.0875482   0.704084
1768  -18209.0874372   0.704195
1769  -18209.0872277   0.704404
1770  -18209.0868284   0.704803
1771  -18209.0864571   0.705175
1772  -18209.086456   0.705176
1773  -18209.086403   0.705229
1774  -18209.0859314   0.705700
1775  -18209.0851611   0.706471
1776  -18209.0851162   0.706516
1777  -18209.0847724   0.706859
1778  -18209.0847678   0.706864
1779  -18209.084682   0.706950
1780  -18209.0843543   0.707277
1781  -18209.0840018   0.707630
1782  -18209.0836851   0.707947
1783  -18209.0833303   0.708301
1784  -18209.0826607   0.708971
1785  -18209.0826258   0.709006
1786  -18209.082416   0.709216
1787  -18209.0823941   0.709238
1788  -18209.0822608   0.709371
1789  -18209.0809387   0.710693
1790  -18209.0808269   0.710805
1791  -18209.0803523   0.711279
1792  -18209.0798935   0.711738
1793  -18209.0798453   0.711787
1794  -18209.0793584   0.712273
1795  -18209.0790523   0.712579
1796  -18209.0788298   0.712802
1797  -18209.0788297   0.712802
1798  -18209.0787309   0.712901
1799  -18209.0786143   0.713017
1800  -18209.0784101   0.713222
1801  -18209.0781007   0.713531
1802  -18209.0780366   0.713595
1803  -18209.0778314   0.713800
1804  -18209.0777476   0.713884
1805  -18209.0776512   0.713981
1806  -18209.0775727   0.714059
1807  -18209.0775367   0.714095
1808  -18209.0775208   0.714111
1809  -18209.0770159   0.714616
1810  -18209.0760139   0.715618
1811  -18209.0756905   0.715941
1812  -18209.0752583   0.716373
1813  -18209.0750468   0.716585
1814  -18209.0747275   0.716904
1815  -18209.0737915   0.717840
1816  -18209.0736812   0.717951
1817  -18209.0732921   0.718340
1818  -18209.0722713   0.719360
1819  -18209.0717733   0.719859
1820  -18209.0715729   0.720059
1821  -18209.0712847   0.720347
1822  -18209.0709455   0.720686
1823  -18209.0706387   0.720993
1824  -18209.0706018   0.721030
1825  -18209.0704234   0.721208
1826  -18209.0703563   0.721276
1827  -18209.0702307   0.721401
1828  -18209.0700734   0.721558
1829  -18209.0695992   0.722033
1830  -18209.0694093   0.722223
1831  -18209.0692597   0.722372
1832  -18209.069154   0.722478
1833  -18209.0688367   0.722795
1834  -18209.0687285   0.722903
1835  -18209.0684561   0.723176
1836  -18209.0680321   0.723600
1837  -18209.0679284   0.723703
1838  -18209.0670522   0.724580
1839  -18209.0667799   0.724852
1840  -18209.0661455   0.725486
1841  -18209.0655426   0.726089
1842  -18209.0655289   0.726103
1843  -18209.0644315   0.727200
1844  -18209.0640379   0.727594
1845  -18209.0639412   0.727691
1846  -18209.0638514   0.727780
1847  -18209.0632588   0.728373
1848  -18209.0631077   0.728524
1849  -18209.0629595   0.728672
1850  -18209.0628127   0.728819
1851  -18209.0618811   0.729751
1852  -18209.0616744   0.729957
1853  -18209.0605002   0.731132
1854  -18209.059725   0.731907
1855  -18209.0589929   0.732639
1856  -18209.0579374   0.733694
1857  -18209.0579005   0.733731
1858  -18209.0574503   0.734181
1859  -18209.0574337   0.734198
1860  -18209.0573229   0.734309
1861  -18209.0571237   0.734508
1862  -18209.0568046   0.734827
1863  -18209.0567412   0.734891
1864  -18209.0567131   0.734919
1865  -18209.056358   0.735274
1866  -18209.0538697   0.737762
1867  -18209.0538419   0.737790
1868  -18209.0530277   0.738604
1869  -18209.0523488   0.739283
1870  -18209.0519289   0.739703
1871  -18209.0518621   0.739770
1872  -18209.0503231   0.741309
1873  -18209.0496821   0.741950
1874  -18209.0493913   0.742240
1875  -18209.0493388   0.742293
1876  -18209.0492822   0.742350
1877  -18209.0489795   0.742652
1878  -18209.0484808   0.743151
1879  -18209.048449   0.743183
1880  -18209.0484279   0.743204
1881  -18209.0474859   0.744146
1882  -18209.0472142   0.744418
1883  -18209.0465425   0.745089
1884  -18209.0461953   0.745436
1885  -18209.0446446   0.746987
1886  -18209.0438917   0.747740
1887  -18209.0438599   0.747772
1888  -18209.0433691   0.748263
1889  -18209.0421921   0.749440
1890  -18209.0419629   0.749669
1891  -18209.040687   0.750945
1892  -18209.0398015   0.751830
1893  -18209.0388233   0.752808
1894  -18209.0386811   0.752951
1895  -18209.0384214   0.753210
1896  -18209.0381821   0.753450
1897  -18209.0381765   0.753455
1898  -18209.0371726   0.754459
1899  -18209.0358835   0.755748
1900  -18209.0347551   0.756877
1901  -18209.0343299   0.757302
1902  -18209.0324701   0.759162
1903  -18209.031978   0.759654
1904  -18209.0309236   0.760708
1905  -18209.029522   0.762110
1906  -18209.0268631   0.764769
1907  -18209.0268407   0.764791
1908  -18209.0268118   0.764820
1909  -18209.0263549   0.765277
1910  -18209.0255327   0.766099
1911  -18209.0253927   0.766239
1912  -18209.025242   0.766390
1913  -18209.0246764   0.766955
1914  -18209.0243264   0.767305
1915  -18209.0235537   0.768078
1916  -18209.0231567   0.768475
1917  -18209.0228118   0.768820
1918  -18209.0226191   0.769013
1919  -18209.0217991   0.769833
1920  -18209.0213227   0.770309
1921  -18209.0212165   0.770415
1922  -18209.0212028   0.770429
1923  -18209.0208514   0.770780
1924  -18209.0198526   0.771779
1925  -18209.0197616   0.771870
1926  -18209.0196516   0.771980
1927  -18209.0184878   0.773144
1928  -18209.0176047   0.774027
1929  -18209.0163129   0.775319
1930  -18209.0152164   0.776415
1931  -18209.015095   0.776537
1932  -18209.014991   0.776641
1933  -18209.0146169   0.777015
1934  -18209.0139958   0.777636
1935  -18209.0126635   0.778968
1936  -18209.0117942   0.779838
1937  -18209.0100737   0.781558
1938  -18209.0097382   0.781894
1939  -18209.0092252   0.782407
1940  -18209.0085778   0.783054
1941  -18209.0067925   0.784839
1942  -18209.0063983   0.785233
1943  -18209.0057663   0.785865
1944  -18209.0053979   0.786234
1945  -18209.0053202   0.786312
1946  -18209.0052338   0.786398
1947  -18209.0048226   0.786809
1948  -18209.0035182   0.788114
1949  -18208.999833   0.791799
1950  -18208.9996908   0.791941
1951  -18208.9982064   0.793425
1952  -18208.997714   0.793918
1953  -18208.9972322   0.794400
1954  -18208.9926171   0.799015
1955  -18208.9917131   0.799919
1956  -18208.9885806   0.803051
1957  -18208.9835662   0.808066
1958  -18208.9811075   0.810524
1959  -18208.9808094   0.810822
1960  -18208.9807902   0.810842
1961  -18208.9800311   0.811601
1962  -18208.9795905   0.812041
1963  -18208.9789328   0.812699
1964  -18208.9675065   0.824125
1965  -18208.9658841   0.825748
1966  -18208.9635431   0.828089
1967  -18208.9625066   0.829125
1968  -18208.962412   0.829220
1969  -18208.9616784   0.829953
1970  -18208.9564907   0.835141
1971  -18208.9531806   0.838451
1972  -18208.9516714   0.839960
1973  -18208.9511388   0.840493
1974  -18208.9507727   0.840859
1975  -18208.9474195   0.844212
1976  -18208.9472535   0.844378
1977  -18208.9467317   0.844900
1978  -18208.9455842   0.846048
1979  -18208.9451921   0.846440
1980  -18208.9426746   0.848957
1981  -18208.9424212   0.849211
1982  -18208.9402235   0.851408
1983  -18208.9387648   0.852867
1984  -18208.9380627   0.853569
1985  -18208.9370444   0.854587
1986  -18208.9365762   0.855056
1987  -18208.9341269   0.857505
1988  -18208.9323423   0.859290
1989  -18208.93199   0.859642
1990  -18208.9311378   0.860494
1991  -18208.9310876   0.860544
1992  -18208.9305966   0.861035
1993  -18208.9265454   0.865086
1994  -18208.92637   0.865262
1995  -18208.9247492   0.866883
1996  -18208.9226585   0.868973
1997  -18208.922594   0.869038
1998  -18208.9177872   0.873845
1999  -18208.9158287   0.875803
2000  -18208.9147712   0.876861
2001  -18208.9140009   0.877631
2002  -18208.9138064   0.877825
2003  -18208.9137754   0.877856
2004  -18208.9122738   0.879358
2005  -18208.9120149   0.879617
2006  -18208.9099593   0.881672
2007  -18208.9071641   0.884468
2008  -18208.9061444   0.885487
2009  -18208.9050175   0.886614
2010  -18208.9014744   0.890157
2011  -18208.8961061   0.895526
2012  -18208.8950615   0.896570
2013  -18208.894366   0.897266
2014  -18208.8942873   0.897344
2015  -18208.8925115   0.899120
2016  -18208.8888917   0.902740
2017  -18208.8882407   0.903391
2018  -18208.8825067   0.909125
2019  -18208.879302   0.912330
2020  -18208.878214   0.913418
2021  -18208.8779831   0.913649
2022  -18208.8779354   0.913696
2023  -18208.8775831   0.914049
2024  -18208.873199   0.918433
2025  -18208.8727609   0.918871
2026  -18208.8699514   0.921680
2027  -18208.8699233   0.921708
2028  -18208.8667954   0.924836
2029  -18208.8657278   0.925904
2030  -18208.864099   0.927533
2031  -18208.8635767   0.928055
2032  -18208.861321   0.930311
2033  -18208.8593896   0.932242
2034  -18208.8585275   0.933104
2035  -18208.8581119   0.933520
2036  -18208.8572159   0.934416
2037  -18208.8540933   0.937538
2038  -18208.8540838   0.937548
2039  -18208.8533563   0.938276
2040  -18208.851921   0.939711
2041  -18208.8485455   0.943086
2042  -18208.845128   0.946504
2043  -18208.8450166   0.946615
2044  -18208.8444874   0.947144
2045  -18208.8417155   0.949916
2046  -18208.8416298   0.950002
2047  -18208.8349061   0.956726
2048  -18208.833769   0.957863
2049  -18208.8336125   0.958019
2050  -18208.8323612   0.959271
2051  -18208.822377   0.969255
2052  -18208.8208045   0.970827
2053  -18208.8203792   0.971253
2054  -18208.818469   0.973163
2055  -18208.8179722   0.973660
2056  -18208.8168321   0.974800
2057  -18208.8166212   0.975011
2058  -18208.8160634   0.975568
2059  -18208.8094267   0.982205
2060  -18208.8084053   0.983227
2061  -18208.8057178   0.985914
2062  -18208.8034448   0.988187
2063  -18208.794904   0.996728
2064  -18208.7940043   0.997627
2065  -18208.7896359   1.001996
2066  -18208.7839036   1.007728
2067  -18208.78323   1.008402
2068  -18208.7811305   1.010501
2069  -18208.7770719   1.014560
2070  -18208.7767931   1.014839
2071  -18208.7762302   1.015402
2072  -18208.774131   1.017501
2073  -18208.7607076   1.030924
2074  -18208.7575638   1.034068
2075  -18208.7563568   1.035275
2076  -18208.7471883   1.044443
2077  -18208.744642   1.046990
2078  -18208.7416501   1.049982
2079  -18208.7318736   1.059758
2080  -18208.6962607   1.095371
