# Relative energy hierarchy for protonated Ac-Arg-NMe conformations
# Calculated with PBE+vdW (tier 2 basis)
# Conf.    Energy./ [eV]     Rel. energy./ [eV]
#
   1  -21202.1943641   0.000000
   2  -21202.1937966   0.000567
   3  -21202.1473735   0.046991
   4  -21202.143848   0.050516
   5  -21202.1329972   0.061367
   6  -21202.1328066   0.061558
   7  -21202.132681   0.061683
   8  -21202.1324612   0.061903
   9  -21202.12739   0.066974
  10  -21202.1267214   0.067643
  11  -21202.1136875   0.080677
  12  -21202.1078104   0.086554
  13  -21202.1075337   0.086830
  14  -21202.1074283   0.086936
  15  -21202.1073793   0.086985
  16  -21202.107369   0.086995
  17  -21202.1073343   0.087030
  18  -21202.1073284   0.087036
  19  -21202.1073234   0.087041
  20  -21202.1073157   0.087048
  21  -21202.1072547   0.087109
  22  -21202.1072423   0.087122
  23  -21202.1072192   0.087145
  24  -21202.1072158   0.087148
  25  -21202.1071946   0.087169
  26  -21202.1071607   0.087203
  27  -21202.107141   0.087223
  28  -21202.1071242   0.087240
  29  -21202.1071005   0.087264
  30  -21202.1070905   0.087274
  31  -21202.1070876   0.087276
  32  -21202.1070466   0.087318
  33  -21202.1070346   0.087329
  34  -21202.1069885   0.087376
  35  -21202.1069543   0.087410
  36  -21202.1069472   0.087417
  37  -21202.1069331   0.087431
  38  -21202.106893   0.087471
  39  -21202.1068744   0.087490
  40  -21202.1068491   0.087515
  41  -21202.1068366   0.087527
  42  -21202.1067793   0.087585
  43  -21202.1066324   0.087732
  44  -21202.1064437   0.087920
  45  -21202.1057982   0.088566
  46  -21202.1052781   0.089086
  47  -21202.0912332   0.103131
  48  -21202.0890456   0.105318
  49  -21202.0880899   0.106274
  50  -21202.0872105   0.107154
  51  -21202.086717   0.107647
  52  -21202.0865894   0.107775
  53  -21202.0823728   0.111991
  54  -21202.0779392   0.116425
  55  -21202.0778654   0.116499
  56  -21202.077372   0.116992
  57  -21202.0773653   0.116999
  58  -21202.0772964   0.117068
  59  -21202.0771792   0.117185
  60  -21202.0642273   0.130137
  61  -21202.0637187   0.130645
  62  -21202.0630362   0.131328
  63  -21202.0616997   0.132664
  64  -21202.0569967   0.137367
  65  -21202.0564222   0.137942
  66  -21202.051395   0.142969
  67  -21202.0508793   0.143485
  68  -21202.0457511   0.148613
  69  -21202.0424829   0.151881
  70  -21202.0418587   0.152505
  71  -21202.039661   0.154703
  72  -21202.039349   0.155015
  73  -21202.0389236   0.155440
  74  -21202.0372471   0.157117
  75  -21202.0312764   0.163088
  76  -21202.0241586   0.170205
  77  -21202.0235482   0.170816
  78  -21202.0231955   0.171169
  79  -21202.0231141   0.171250
  80  -21202.0229281   0.171436
  81  -21202.0203167   0.174047
  82  -21202.0192292   0.175135
  83  -21202.0190139   0.175350
  84  -21202.0182163   0.176148
  85  -21202.0180977   0.176266
  86  -21202.0170014   0.177363
  87  -21202.0162638   0.178100
  88  -21202.012237   0.182127
  89  -21202.0117299   0.182634
  90  -21202.010906   0.183458
  91  -21202.0104034   0.183961
  92  -21202.0068616   0.187503
  93  -21202.0067301   0.187634
  94  -21202.0065822   0.187782
  95  -21202.0053717   0.188992
  96  -21202.0053017   0.189062
  97  -21202.0044004   0.189964
  98  -21202.0042509   0.190113
  99  -21202.0039262   0.190438
 100  -21202.0004923   0.193872
 101  -21201.9973461   0.197018
 102  -21201.9964766   0.197887
 103  -21201.9942011   0.200163
 104  -21201.9937037   0.200660
 105  -21201.992471   0.201893
 106  -21201.9919644   0.202400
 107  -21201.9918932   0.202471
 108  -21201.9917496   0.202614
 109  -21201.990738   0.203626
 110  -21201.9906316   0.203732
 111  -21201.9874889   0.206875
 112  -21201.9873888   0.206975
 113  -21201.9867327   0.207631
 114  -21201.9866106   0.207753
 115  -21201.9865877   0.207776
 116  -21201.9864   0.207964
 117  -21201.9863408   0.208023
 118  -21201.986331   0.208033
 119  -21201.9863257   0.208038
 120  -21201.9863244   0.208040
 121  -21201.9862949   0.208069
 122  -21201.9862615   0.208103
 123  -21201.9862544   0.208110
 124  -21201.9862088   0.208155
 125  -21201.9861484   0.208216
 126  -21201.9859089   0.208455
 127  -21201.9857435   0.208621
 128  -21201.985342   0.209022
 129  -21201.9851578   0.209206
 130  -21201.9848338   0.209530
 131  -21201.9838086   0.210555
 132  -21201.9824664   0.211898
 133  -21201.9797411   0.214623
 134  -21201.9788608   0.215503
 135  -21201.9785575   0.215807
 136  -21201.9784714   0.215893
 137  -21201.9783444   0.216020
 138  -21201.9783123   0.216052
 139  -21201.9781327   0.216231
 140  -21201.9774226   0.216941
 141  -21201.9758967   0.218467
 142  -21201.9751034   0.219261
 143  -21201.974802   0.219562
 144  -21201.9729522   0.221412
 145  -21201.968088   0.226276
 146  -21201.9660751   0.228289
 147  -21201.9651702   0.229194
 148  -21201.9651569   0.229207
 149  -21201.9639454   0.230419
 150  -21201.9628631   0.231501
 151  -21201.9625002   0.231864
 152  -21201.9622312   0.232133
 153  -21201.9621371   0.232227
 154  -21201.9594965   0.234868
 155  -21201.9573983   0.236966
 156  -21201.9534098   0.240954
 157  -21201.9526962   0.241668
 158  -21201.9517202   0.242644
 159  -21201.9501633   0.244201
 160  -21201.9481465   0.246218
 161  -21201.9480448   0.246319
 162  -21201.9469054   0.247459
 163  -21201.9408272   0.253537
 164  -21201.9408234   0.253541
 165  -21201.9404836   0.253881
 166  -21201.9381257   0.256238
 167  -21201.9363299   0.258034
 168  -21201.9357333   0.258631
 169  -21201.9350655   0.259299
 170  -21201.9344758   0.259888
 171  -21201.926447   0.267917
 172  -21201.924868   0.269496
 173  -21201.9244249   0.269939
 174  -21201.9225096   0.271854
 175  -21201.9221177   0.272246
 176  -21201.920137   0.274227
 177  -21201.9199707   0.274393
 178  -21201.9191134   0.275251
 179  -21201.9189567   0.275407
 180  -21201.9153848   0.278979
 181  -21201.9147731   0.279591
 182  -21201.9143049   0.280059
 183  -21201.9135505   0.280814
 184  -21201.9133698   0.280994
 185  -21201.912875   0.281489
 186  -21201.9128646   0.281500
 187  -21201.9128072   0.281557
 188  -21201.9098617   0.284502
 189  -21201.9073833   0.286981
 190  -21201.9072223   0.287142
 191  -21201.9066781   0.287686
 192  -21201.9050974   0.289267
 193  -21201.9042872   0.290077
 194  -21201.9028979   0.291466
 195  -21201.9024936   0.291871
 196  -21201.9021605   0.292204
 197  -21201.9018641   0.292500
 198  -21201.9015822   0.292782
 199  -21201.9007387   0.293625
 200  -21201.9004961   0.293868
 201  -21201.8984063   0.295958
 202  -21201.8969909   0.297373
 203  -21201.8968124   0.297552
 204  -21201.8963114   0.298053
 205  -21201.8957935   0.298571
 206  -21201.8954108   0.298953
 207  -21201.8950568   0.299307
 208  -21201.8949596   0.299405
 209  -21201.8946744   0.299690
 210  -21201.8939042   0.300460
 211  -21201.8937952   0.300569
 212  -21201.8935645   0.300800
 213  -21201.8930391   0.301325
 214  -21201.8906912   0.303673
 215  -21201.8902866   0.304078
 216  -21201.8890363   0.305328
 217  -21201.8888165   0.305548
 218  -21201.8882148   0.306149
 219  -21201.8865055   0.307859
 220  -21201.886315   0.308049
 221  -21201.8833292   0.311035
 222  -21201.8828619   0.311502
 223  -21201.8828003   0.311564
 224  -21201.8815515   0.312813
 225  -21201.881436   0.312928
 226  -21201.8812409   0.313123
 227  -21201.8783563   0.316008
 228  -21201.8782384   0.316126
 229  -21201.8781419   0.316222
 230  -21201.8768107   0.317553
 231  -21201.8764014   0.317963
 232  -21201.8755443   0.318820
 233  -21201.8739509   0.320413
 234  -21201.8714152   0.322949
 235  -21201.870887   0.323477
 236  -21201.8694046   0.324960
 237  -21201.8691767   0.325187
 238  -21201.8673696   0.326994
 239  -21201.8656114   0.328753
 240  -21201.8650969   0.329267
 241  -21201.8645691   0.329795
 242  -21201.8644046   0.329959
 243  -21201.8623789   0.331985
 244  -21201.8602771   0.334087
 245  -21201.8602739   0.334090
 246  -21201.8592084   0.335156
 247  -21201.8562243   0.338140
 248  -21201.8554851   0.338879
 249  -21201.8554324   0.338932
 250  -21201.8552714   0.339093
 251  -21201.855246   0.339118
 252  -21201.8552329   0.339131
 253  -21201.8538158   0.340548
 254  -21201.8536954   0.340669
 255  -21201.8530409   0.341323
 256  -21201.8524336   0.341930
 257  -21201.8502396   0.344124
 258  -21201.8485877   0.345776
 259  -21201.8473059   0.347058
 260  -21201.8451458   0.349218
 261  -21201.8443665   0.349998
 262  -21201.8441128   0.350251
 263  -21201.8437057   0.350658
 264  -21201.8432213   0.351143
 265  -21201.8408466   0.353517
 266  -21201.839525   0.354839
 267  -21201.8382208   0.356143
 268  -21201.8380872   0.356277
 269  -21201.8319843   0.362380
 270  -21201.8256233   0.368741
 271  -21201.8254913   0.368873
 272  -21201.825233   0.369131
 273  -21201.8249442   0.369420
 274  -21201.8245214   0.369843
 275  -21201.8214538   0.372910
 276  -21201.821243   0.373121
 277  -21201.8197236   0.374640
 278  -21201.8196916   0.374672
 279  -21201.8162958   0.378068
 280  -21201.8159998   0.378364
 281  -21201.8159323   0.378432
 282  -21201.8158026   0.378562
 283  -21201.8156649   0.378699
 284  -21201.8154532   0.378911
 285  -21201.8150738   0.379290
 286  -21201.8148498   0.379514
 287  -21201.8134273   0.380937
 288  -21201.8115022   0.382862
 289  -21201.8109055   0.383459
 290  -21201.8091635   0.385201
 291  -21201.8091157   0.385248
 292  -21201.8080417   0.386322
 293  -21201.8073276   0.387037
 294  -21201.8052891   0.389075
 295  -21201.8027331   0.391631
 296  -21201.8013537   0.393010
 297  -21201.8004134   0.393951
 298  -21201.8003777   0.393986
 299  -21201.7997062   0.394658
 300  -21201.7980816   0.396282
 301  -21201.797594   0.396770
 302  -21201.7974237   0.396940
 303  -21201.7973329   0.397031
 304  -21201.7960923   0.398272
 305  -21201.7959286   0.398435
 306  -21201.7948463   0.399518
 307  -21201.792443   0.401921
 308  -21201.7922737   0.402090
 309  -21201.7914684   0.402896
 310  -21201.7909184   0.403446
 311  -21201.790075   0.404289
 312  -21201.7897664   0.404598
 313  -21201.7874997   0.406864
 314  -21201.7870602   0.407304
 315  -21201.7855902   0.408774
 316  -21201.7847912   0.409573
 317  -21201.7837436   0.410620
 318  -21201.7827509   0.411613
 319  -21201.782008   0.412356
 320  -21201.7818979   0.412466
 321  -21201.7817666   0.412597
 322  -21201.7816977   0.412666
 323  -21201.7808706   0.413494
 324  -21201.7801987   0.414165
 325  -21201.7799088   0.414455
 326  -21201.7785849   0.415779
 327  -21201.7762907   0.418073
 328  -21201.7762356   0.418129
 329  -21201.7761639   0.418200
 330  -21201.7732338   0.421130
 331  -21201.7732142   0.421150
 332  -21201.7720657   0.422298
 333  -21201.7720298   0.422334
 334  -21201.7712585   0.423106
 335  -21201.7712349   0.423129
 336  -21201.7702335   0.424131
 337  -21201.7700986   0.424265
 338  -21201.7692181   0.425146
 339  -21201.7684074   0.425957
 340  -21201.7682849   0.426079
 341  -21201.7682012   0.426163
 342  -21201.768054   0.426310
 343  -21201.7660289   0.428335
 344  -21201.7636611   0.430703
 345  -21201.763636   0.430728
 346  -21201.7630754   0.431289
 347  -21201.7627677   0.431596
 348  -21201.7619025   0.432462
 349  -21201.7606202   0.433744
 350  -21201.7595795   0.434785
 351  -21201.759091   0.435273
 352  -21201.7567757   0.437588
 353  -21201.7566302   0.437734
 354  -21201.7565561   0.437808
 355  -21201.7555615   0.438803
 356  -21201.7551669   0.439197
 357  -21201.7531235   0.441241
 358  -21201.7529622   0.441402
 359  -21201.7525378   0.441826
 360  -21201.7524949   0.441869
 361  -21201.7513851   0.442979
 362  -21201.7513032   0.443061
 363  -21201.7475645   0.446800
 364  -21201.7448965   0.449468
 365  -21201.7447644   0.449600
 366  -21201.7443477   0.450016
 367  -21201.7440223   0.450342
 368  -21201.7422475   0.452117
 369  -21201.7415596   0.452805
 370  -21201.7382719   0.456092
 371  -21201.7379927   0.456371
 372  -21201.7377561   0.456608
 373  -21201.7374194   0.456945
 374  -21201.7361856   0.458179
 375  -21201.7361623   0.458202
 376  -21201.7351308   0.459233
 377  -21201.7336466   0.460717
 378  -21201.7333851   0.460979
 379  -21201.7321265   0.462238
 380  -21201.7318581   0.462506
 381  -21201.7318534   0.462511
 382  -21201.7314534   0.462911
 383  -21201.730063   0.464301
 384  -21201.7292617   0.465102
 385  -21201.7278295   0.466535
 386  -21201.7277951   0.466569
 387  -21201.7277518   0.466612
 388  -21201.7204446   0.473920
 389  -21201.7202607   0.474103
 390  -21201.7200585   0.474306
 391  -21201.7189463   0.475418
 392  -21201.7189293   0.475435
 393  -21201.7178541   0.476510
 394  -21201.717738   0.476626
 395  -21201.7169102   0.477454
 396  -21201.7162918   0.478072
 397  -21201.7148535   0.479511
 398  -21201.713952   0.480412
 399  -21201.7132806   0.481083
 400  -21201.7114971   0.482867
 401  -21201.7112889   0.483075
 402  -21201.7100607   0.484303
 403  -21201.7097302   0.484634
 404  -21201.7087735   0.485591
 405  -21201.7086886   0.485676
 406  -21201.7083293   0.486035
 407  -21201.7083258   0.486038
 408  -21201.7079568   0.486407
 409  -21201.7079168   0.486447
 410  -21201.7078516   0.486512
 411  -21201.7067467   0.487617
 412  -21201.7066787   0.487685
 413  -21201.7066579   0.487706
 414  -21201.7065307   0.487833
 415  -21201.7064681   0.487896
 416  -21201.706359   0.488005
 417  -21201.7018001   0.492564
 418  -21201.7006232   0.493741
 419  -21201.6998616   0.494503
 420  -21201.6991425   0.495222
 421  -21201.6988846   0.495480
 422  -21201.6972286   0.497136
 423  -21201.6958388   0.498525
 424  -21201.6931158   0.501248
 425  -21201.6917091   0.502655
 426  -21201.6914041   0.502960
 427  -21201.691024   0.503340
 428  -21201.6909945   0.503370
 429  -21201.6905041   0.503860
 430  -21201.6894728   0.504891
 431  -21201.6892976   0.505066
 432  -21201.6892239   0.505140
 433  -21201.687345   0.507019
 434  -21201.6859328   0.508431
 435  -21201.6854654   0.508899
 436  -21201.6833436   0.511020
 437  -21201.6830136   0.511351
 438  -21201.6820078   0.512356
 439  -21201.6795759   0.514788
 440  -21201.6783959   0.515968
 441  -21201.6781613   0.516203
 442  -21201.6773441   0.517020
 443  -21201.676915   0.517449
 444  -21201.6759203   0.518444
 445  -21201.6749716   0.519392
 446  -21201.6741028   0.520261
 447  -21201.6737722   0.520592
 448  -21201.6733755   0.520989
 449  -21201.6725141   0.521850
 450  -21201.6723241   0.522040
 451  -21201.6709493   0.523415
 452  -21201.6701078   0.524256
 453  -21201.6631719   0.531192
 454  -21201.6631707   0.531193
 455  -21201.6625143   0.531850
 456  -21201.6605365   0.533828
 457  -21201.6603469   0.534017
 458  -21201.659916   0.534448
 459  -21201.6589076   0.535457
 460  -21201.658263   0.536101
 461  -21201.6578674   0.536497
 462  -21201.6574466   0.536918
 463  -21201.6574403   0.536924
 464  -21201.6563696   0.537994
 465  -21201.6557939   0.538570
 466  -21201.6550679   0.539296
 467  -21201.6539183   0.540446
 468  -21201.6535493   0.540815
 469  -21201.6515964   0.542768
 470  -21201.6514897   0.542874
 471  -21201.6510523   0.543312
 472  -21201.6509385   0.543426
 473  -21201.6502133   0.544151
 474  -21201.6500509   0.544313
 475  -21201.6493626   0.545001
 476  -21201.6492885   0.545076
 477  -21201.6488679   0.545496
 478  -21201.6486772   0.545687
 479  -21201.6484704   0.545894
 480  -21201.6472055   0.547159
 481  -21201.647181   0.547183
 482  -21201.6458078   0.548556
 483  -21201.6456838   0.548680
 484  -21201.6456612   0.548703
 485  -21201.6452114   0.549153
 486  -21201.645171   0.549193
 487  -21201.6433515   0.551013
 488  -21201.6429528   0.551411
 489  -21201.6427917   0.551572
 490  -21201.6418778   0.552486
 491  -21201.6415413   0.552823
 492  -21201.6412642   0.553100
 493  -21201.6412483   0.553116
 494  -21201.6410916   0.553273
 495  -21201.6408416   0.553522
 496  -21201.6388333   0.555531
 497  -21201.6385895   0.555775
 498  -21201.6362082   0.558156
 499  -21201.6348175   0.559547
 500  -21201.6342267   0.560137
 501  -21201.6335654   0.560799
 502  -21201.6327112   0.561653
 503  -21201.6325511   0.561813
 504  -21201.6319835   0.562381
 505  -21201.6297092   0.564655
 506  -21201.6295582   0.564806
 507  -21201.6274797   0.566884
 508  -21201.6272323   0.567132
 509  -21201.6260225   0.568342
 510  -21201.622033   0.572331
 511  -21201.6212333   0.573131
 512  -21201.621197   0.573167
 513  -21201.6209238   0.573440
 514  -21201.6208244   0.573540
 515  -21201.6184387   0.575925
 516  -21201.6159305   0.578434
 517  -21201.6146777   0.579686
 518  -21201.6139572   0.580407
 519  -21201.6123862   0.581978
 520  -21201.6099503   0.584414
 521  -21201.6093365   0.585028
 522  -21201.609202   0.585162
 523  -21201.6089406   0.585424
 524  -21201.60796   0.586404
 525  -21201.6055173   0.588847
 526  -21201.6040835   0.590281
 527  -21201.6036724   0.590692
 528  -21201.6029821   0.591382
 529  -21201.5994806   0.594883
 530  -21201.5983905   0.595974
 531  -21201.5962468   0.598117
 532  -21201.5953107   0.599053
 533  -21201.5943479   0.600016
 534  -21201.5907027   0.603661
 535  -21201.5905077   0.603856
 536  -21201.5875335   0.606831
 537  -21201.5871868   0.607177
 538  -21201.5870968   0.607267
 539  -21201.5865648   0.607799
 540  -21201.5857735   0.608591
 541  -21201.5841509   0.610213
 542  -21201.5835369   0.610827
 543  -21201.5819669   0.612397
 544  -21201.5817552   0.612609
 545  -21201.5814436   0.612920
 546  -21201.5812142   0.613150
 547  -21201.5811731   0.613191
 548  -21201.5807554   0.613609
 549  -21201.5793917   0.614972
 550  -21201.579096   0.615268
 551  -21201.5790459   0.615318
 552  -21201.5776062   0.616758
 553  -21201.5735251   0.620839
 554  -21201.5730318   0.621332
 555  -21201.5703359   0.624028
 556  -21201.5658492   0.628515
 557  -21201.5647715   0.629593
 558  -21201.5644033   0.629961
 559  -21201.5633953   0.630969
 560  -21201.5597259   0.634638
 561  -21201.5596199   0.634744
 562  -21201.5593839   0.634980
 563  -21201.5589594   0.635405
 564  -21201.5574793   0.636885
 565  -21201.5569689   0.637395
 566  -21201.5558023   0.638562
 567  -21201.5555612   0.638803
 568  -21201.5553272   0.639037
 569  -21201.5546799   0.639684
 570  -21201.5529038   0.641460
 571  -21201.5456736   0.648690
 572  -21201.5456151   0.648749
 573  -21201.545349   0.649015
 574  -21201.5449517   0.649412
 575  -21201.5439465   0.650418
 576  -21201.5437687   0.650595
 577  -21201.5411732   0.653191
 578  -21201.5393895   0.654975
 579  -21201.5382317   0.656132
 580  -21201.5353022   0.659062
 581  -21201.5341514   0.660213
 582  -21201.5339913   0.660373
 583  -21201.532888   0.661476
 584  -21201.5327814   0.661583
 585  -21201.532714   0.661650
 586  -21201.5310228   0.663341
 587  -21201.5294697   0.664894
 588  -21201.522212   0.672152
 589  -21201.521986   0.672378
 590  -21201.5214902   0.672874
 591  -21201.5211098   0.673254
 592  -21201.5157835   0.678581
 593  -21201.5130184   0.681346
 594  -21201.5127984   0.681566
 595  -21201.5117222   0.682642
 596  -21201.5115769   0.682787
 597  -21201.5108665   0.683498
 598  -21201.5101569   0.684207
 599  -21201.508253   0.686111
 600  -21201.5072941   0.687070
 601  -21201.5070227   0.687341
 602  -21201.5067264   0.687638
 603  -21201.5057117   0.688652
 604  -21201.5042429   0.690121
 605  -21201.5041276   0.690236
 606  -21201.5039778   0.690386
 607  -21201.5036879   0.690676
 608  -21201.5036318   0.690732
 609  -21201.5029419   0.691422
 610  -21201.5015919   0.692772
 611  -21201.5014994   0.692865
 612  -21201.5001589   0.694205
 613  -21201.4973876   0.696976
 614  -21201.4960719   0.698292
 615  -21201.4949411   0.699423
 616  -21201.4944026   0.699961
 617  -21201.4941901   0.700174
 618  -21201.49401   0.700354
 619  -21201.4940083   0.700356
 620  -21201.4936123   0.700752
 621  -21201.4933433   0.701021
 622  -21201.4932193   0.701145
 623  -21201.4929207   0.701443
 624  -21201.4914659   0.702898
 625  -21201.4914277   0.702936
 626  -21201.49097   0.703394
 627  -21201.490312   0.704052
 628  -21201.4870378   0.707326
 629  -21201.4855544   0.708810
 630  -21201.4839352   0.710429
 631  -21201.4834603   0.710904
 632  -21201.4793525   0.715012
 633  -21201.4775837   0.716780
 634  -21201.4758697   0.718494
 635  -21201.4737789   0.720585
 636  -21201.4737171   0.720647
 637  -21201.4736997   0.720664
 638  -21201.4680163   0.726348
 639  -21201.4673994   0.726965
 640  -21201.463905   0.730459
 641  -21201.4631567   0.731207
 642  -21201.461982   0.732382
 643  -21201.4617918   0.732572
 644  -21201.4615605   0.732804
 645  -21201.4611906   0.733174
 646  -21201.4610232   0.733341
 647  -21201.460526   0.733838
 648  -21201.4603343   0.734030
 649  -21201.4602376   0.734126
 650  -21201.4598239   0.734540
 651  -21201.4595488   0.734815
 652  -21201.4591246   0.735239
 653  -21201.4574144   0.736950
 654  -21201.4569871   0.737377
 655  -21201.4565426   0.737821
 656  -21201.4564573   0.737907
 657  -21201.4556017   0.738762
 658  -21201.4521915   0.742173
 659  -21201.4517675   0.742597
 660  -21201.449191   0.745173
 661  -21201.448948   0.745416
 662  -21201.4447706   0.749594
 663  -21201.4442186   0.750145
 664  -21201.4436119   0.750752
 665  -21201.4432592   0.751105
 666  -21201.4387708   0.755593
 667  -21201.4308838   0.763480
 668  -21201.4304976   0.763867
 669  -21201.4302334   0.764131
 670  -21201.4289594   0.765405
 671  -21201.4284498   0.765914
 672  -21201.4272301   0.767134
 673  -21201.4242093   0.770155
 674  -21201.4226556   0.771709
 675  -21201.422133   0.772231
 676  -21201.4218507   0.772513
 677  -21201.421142   0.773222
 678  -21201.4204304   0.773934
 679  -21201.4182841   0.776080
 680  -21201.4169751   0.777389
 681  -21201.4169635   0.777401
 682  -21201.4164075   0.777957
 683  -21201.4157682   0.778596
 684  -21201.4157116   0.778653
 685  -21201.4146992   0.779665
 686  -21201.4136106   0.780753
 687  -21201.4119305   0.782434
 688  -21201.4104716   0.783892
 689  -21201.4102944   0.784070
 690  -21201.4096221   0.784742
 691  -21201.4096104   0.784754
 692  -21201.4086308   0.785733
 693  -21201.4078237   0.786540
 694  -21201.4076586   0.786705
 695  -21201.4068458   0.787518
 696  -21201.4059909   0.788373
 697  -21201.3993433   0.795021
 698  -21201.3950883   0.799276
 699  -21201.3947424   0.799622
 700  -21201.3944266   0.799937
 701  -21201.391808   0.802556
 702  -21201.391335   0.803029
 703  -21201.3912904   0.803074
 704  -21201.3894774   0.804887
 705  -21201.3892456   0.805119
 706  -21201.3886789   0.805685
 707  -21201.3882602   0.806104
 708  -21201.3867137   0.807650
 709  -21201.3845535   0.809811
 710  -21201.3810921   0.813272
 711  -21201.3801387   0.814225
 712  -21201.3794296   0.814934
 713  -21201.3783474   0.816017
 714  -21201.3778491   0.816515
 715  -21201.3771576   0.817206
 716  -21201.376627   0.817737
 717  -21201.3759255   0.818439
 718  -21201.3754811   0.818883
 719  -21201.3743268   0.820037
 720  -21201.372599   0.821765
 721  -21201.3711874   0.823177
 722  -21201.370071   0.824293
 723  -21201.3698224   0.824542
 724  -21201.3663517   0.828012
 725  -21201.3630793   0.831285
 726  -21201.3625608   0.831803
 727  -21201.36192   0.832444
 728  -21201.3586212   0.835743
 729  -21201.3581736   0.836190
 730  -21201.3557481   0.838616
 731  -21201.3547109   0.839653
 732  -21201.3544995   0.839865
 733  -21201.3532972   0.841067
 734  -21201.3504379   0.843926
 735  -21201.3502873   0.844077
 736  -21201.3491115   0.845253
 737  -21201.3481478   0.846216
 738  -21201.3464195   0.847945
 739  -21201.3457363   0.848628
 740  -21201.3448995   0.849465
 741  -21201.3442016   0.850162
 742  -21201.3430623   0.851302
 743  -21201.3427609   0.851603
 744  -21201.3421666   0.852198
 745  -21201.3419138   0.852450
 746  -21201.3411329   0.853231
 747  -21201.3400915   0.854273
 748  -21201.3395456   0.854818
 749  -21201.3393597   0.855004
 750  -21201.3377341   0.856630
 751  -21201.337582   0.856782
 752  -21201.3371458   0.857218
 753  -21201.3355795   0.858785
 754  -21201.3344906   0.859874
 755  -21201.3343327   0.860031
 756  -21201.3342393   0.860125
 757  -21201.3316682   0.862696
 758  -21201.3295693   0.864795
 759  -21201.3250314   0.869333
 760  -21201.3240776   0.870287
 761  -21201.3211589   0.873205
 762  -21201.3197832   0.874581
 763  -21201.3196736   0.874691
 764  -21201.3184179   0.875946
 765  -21201.3175544   0.876810
 766  -21201.317423   0.876941
 767  -21201.3120623   0.882302
 768  -21201.308978   0.885386
 769  -21201.3087237   0.885640
 770  -21201.3085091   0.885855
 771  -21201.3083669   0.885997
 772  -21201.3081332   0.886231
 773  -21201.307344   0.887020
 774  -21201.3063499   0.888014
 775  -21201.3039633   0.890401
 776  -21201.3021799   0.892184
 777  -21201.2998735   0.894491
 778  -21201.299643   0.894721
 779  -21201.2985241   0.895840
 780  -21201.2973335   0.897031
 781  -21201.2960552   0.898309
 782  -21201.2954647   0.898899
 783  -21201.2944446   0.899919
 784  -21201.2923862   0.901978
 785  -21201.2920201   0.902344
 786  -21201.2906549   0.903709
 787  -21201.28768   0.906684
 788  -21201.2864517   0.907912
 789  -21201.281917   0.912447
 790  -21201.2814367   0.912927
 791  -21201.2791488   0.915215
 792  -21201.2787451   0.915619
 793  -21201.2772579   0.917106
 794  -21201.2767379   0.917626
 795  -21201.276692   0.917672
 796  -21201.2765934   0.917771
 797  -21201.2741482   0.920216
 798  -21201.2727868   0.921577
 799  -21201.2720572   0.922307
 800  -21201.2717374   0.922627
 801  -21201.2562888   0.938075
 802  -21201.2553028   0.939061
 803  -21201.2508006   0.943564
 804  -21201.2504266   0.943938
 805  -21201.2503732   0.943991
 806  -21201.2499248   0.944439
 807  -21201.2498157   0.944548
 808  -21201.2458572   0.948507
 809  -21201.2448691   0.949495
 810  -21201.2445056   0.949859
 811  -21201.2427875   0.951577
 812  -21201.2404729   0.953891
 813  -21201.2383804   0.955984
 814  -21201.2333638   0.961000
 815  -21201.2320964   0.962268
 816  -21201.228339   0.966025
 817  -21201.2276642   0.966700
 818  -21201.2275957   0.966768
 819  -21201.2272933   0.967071
 820  -21201.2247155   0.969649
 821  -21201.224322   0.970042
 822  -21201.2187896   0.975575
 823  -21201.2166692   0.977695
 824  -21201.2143653   0.979999
 825  -21201.2113275   0.983037
 826  -21201.2063801   0.987984
 827  -21201.2049688   0.989395
 828  -21201.2028157   0.991548
 829  -21201.2026006   0.991763
 830  -21201.2013965   0.992968
 831  -21201.2005106   0.993854
 832  -21201.1985744   0.995790
 833  -21201.197707   0.996657
 834  -21201.1908728   1.003491
 835  -21201.1899643   1.004400
 836  -21201.1880056   1.006358
 837  -21201.1868209   1.007543
 838  -21201.1862097   1.008154
 839  -21201.1858118   1.008552
 840  -21201.1822157   1.012148
 841  -21201.1820175   1.012347
 842  -21201.1777354   1.016629
 843  -21201.1751164   1.019248
 844  -21201.1744724   1.019892
 845  -21201.1742783   1.020086
 846  -21201.1734091   1.020955
 847  -21201.1718125   1.022552
 848  -21201.1687456   1.025618
 849  -21201.1679972   1.026367
 850  -21201.1669777   1.027386
 851  -21201.1663758   1.027988
 852  -21201.1627729   1.031591
 853  -21201.1619491   1.032415
 854  -21201.1611218   1.033242
 855  -21201.1599115   1.034453
 856  -21201.1553933   1.038971
 857  -21201.1533462   1.041018
 858  -21201.1504712   1.043893
 859  -21201.1504656   1.043899
 860  -21201.1438327   1.050531
 861  -21201.1417613   1.052603
 862  -21201.139979   1.054385
 863  -21201.1375727   1.056791
 864  -21201.1348685   1.059496
 865  -21201.1343697   1.059994
 866  -21201.1335812   1.060783
 867  -21201.1312046   1.063160
 868  -21201.1251285   1.069236
 869  -21201.1237473   1.070617
 870  -21201.1186361   1.075728
 871  -21201.1173135   1.077051
 872  -21201.1148745   1.079490
 873  -21201.1130104   1.081354
 874  -21201.1124462   1.081918
 875  -21201.1108589   1.083505
 876  -21201.1101263   1.084238
 877  -21201.1070191   1.087345
 878  -21201.1022804   1.092084
 879  -21201.1016202   1.092744
 880  -21201.0984714   1.095893
 881  -21201.0893084   1.105056
 882  -21201.0846217   1.109742
 883  -21201.0834748   1.110889
 884  -21201.0834451   1.110919
 885  -21201.0828806   1.111484
 886  -21201.0816792   1.112685
 887  -21201.0810667   1.113297
 888  -21201.0804937   1.113870
 889  -21201.0789031   1.115461
 890  -21201.0780569   1.116307
 891  -21201.0777397   1.116624
 892  -21201.0771912   1.117173
 893  -21201.0770934   1.117271
 894  -21201.0740498   1.120314
 895  -21201.0720681   1.122296
 896  -21201.0711033   1.123261
 897  -21201.0709331   1.123431
 898  -21201.067876   1.126488
 899  -21201.0678743   1.126490
 900  -21201.0665429   1.127821
 901  -21201.064307   1.130057
 902  -21201.0603192   1.134045
 903  -21201.0543907   1.139973
 904  -21201.0488102   1.145554
 905  -21201.0468737   1.147490
 906  -21201.0411943   1.153170
 907  -21201.0373549   1.157009
 908  -21201.0366558   1.157708
 909  -21201.0354313   1.158933
 910  -21201.0334466   1.160918
 911  -21201.0296364   1.164728
 912  -21201.029444   1.164920
 913  -21201.0271028   1.167261
 914  -21201.0259665   1.168398
 915  -21201.0243457   1.170018
 916  -21201.0238571   1.170507
 917  -21201.0183644   1.176000
 918  -21201.0182521   1.176112
 919  -21201.0138099   1.180554
 920  -21201.0133401   1.181024
 921  -21201.0015254   1.192839
 922  -21200.9997939   1.194570
 923  -21200.9944296   1.199935
 924  -21200.9831011   1.211263
 925  -21200.9819341   1.212430
 926  -21200.9797412   1.214623
 927  -21200.9753688   1.218995
 928  -21200.9738536   1.220510
 929  -21200.9622913   1.232073
 930  -21200.9614051   1.232959
 931  -21200.9588458   1.235518
 932  -21200.9567968   1.237567
 933  -21200.9514872   1.242877
 934  -21200.9503163   1.244048
 935  -21200.9491496   1.245214
 936  -21200.9483974   1.245967
 937  -21200.9410688   1.253295
 938  -21200.9371515   1.257213
 939  -21200.9304553   1.263909
 940  -21200.9199645   1.274400
 941  -21200.9191191   1.275245
 942  -21200.9166719   1.277692
 943  -21200.9144244   1.279940
 944  -21200.9119481   1.282416
 945  -21200.9092631   1.285101
 946  -21200.9082995   1.286065
 947  -21200.9077301   1.286634
 948  -21200.9075916   1.286772
 949  -21200.9072487   1.287115
 950  -21200.9042419   1.290122
 951  -21200.8916261   1.302738
 952  -21200.8875577   1.306806
 953  -21200.8849282   1.309436
 954  -21200.8841264   1.310238
 955  -21200.8765995   1.317765
 956  -21200.8599372   1.334427
 957  -21200.8575255   1.336839
 958  -21200.8357613   1.358603
 959  -21200.8256034   1.368761
 960  -21200.8255872   1.368777
 961  -21200.8131958   1.381168
 962  -21200.8006595   1.393705
 963  -21200.7849247   1.409439
 964  -21200.7524461   1.441918
 965  -21200.7436925   1.450672
 966  -21200.7397026   1.454661
 967  -21200.7028113   1.491553
 968  -21200.6891307   1.505233
 969  -21200.5910904   1.603274
 970  -21200.562636   1.631728
 971  -21200.5592904   1.635074
 972  -21200.5189937   1.675370
 973  -21200.5055985   1.688766
 974  -21200.502375   1.691989
 975  -21200.4536552   1.740709
 976  -21200.4474516   1.746912
 977  -21200.4405141   1.753850
 978  -21200.4342951   1.760069
 979  -21200.4291522   1.765212
 980  -21200.4236822   1.770682
 981  -21200.3932013   1.801163
 982  -21200.3928229   1.801541
