# Relative energy hierarchy for Ac-Hid-NMe conformations
# Calculated with PBE+vdW (tier 2 basis)
# Conf.    Energy./ [eV]     Rel. energy./ [eV]
#
   1  -38164.2335855   0.000000
   2  -38164.2334801   0.000105
   3  -38164.2333915   0.000194
   4  -38164.2332037   0.000382
   5  -38164.2329476   0.000638
   6  -38164.2328575   0.000728
   7  -38164.232574   0.001011
   8  -38164.2324325   0.001153
   9  -38164.2320786   0.001507
  10  -38164.2320607   0.001525
  11  -38164.2320137   0.001572
  12  -38164.16079   0.072795
  13  -38164.160582   0.073004
  14  -38164.1604328   0.073153
  15  -38164.160242   0.073344
  16  -38164.1601437   0.073442
  17  -38164.16   0.073585
  18  -38164.1598503   0.073735
  19  -38164.159645   0.073940
  20  -38164.1592937   0.074292
  21  -38164.1587801   0.074805
  22  -38164.1348725   0.098713
  23  -38164.1347629   0.098823
  24  -38164.1343236   0.099262
  25  -38164.1338695   0.099716
  26  -38164.1338453   0.099740
  27  -38164.133686   0.099899
  28  -38164.1334471   0.100138
  29  -38164.1332029   0.100383
  30  -38164.132789   0.100796
  31  -38164.1324778   0.101108
  32  -38164.0593648   0.174221
  33  -38164.0589626   0.174623
  34  -38164.0584962   0.175089
  35  -38164.0583995   0.175186
  36  -38164.0577058   0.175880
  37  -38163.4981386   0.735447
  38  -38163.4974548   0.736131
  39  -38163.4408019   0.792784
  40  -38163.4406329   0.792953
  41  -38163.4404285   0.793157
  42  -38163.4401869   0.793399
  43  -38163.4399278   0.793658
  44  -38163.334435   0.899151
  45  -38163.3342233   0.899362
  46  -38163.3341507   0.899435
  47  -38163.3340658   0.899520
  48  -38163.3336253   0.899960
  49  -38163.297296   0.936290
  50  -38163.2971605   0.936425
  51  -38163.2969989   0.936587
  52  -38163.2968955   0.936690
  53  -38163.2967323   0.936853
  54  -38163.2895635   0.944022
  55  -38163.2894952   0.944090
  56  -38163.2894088   0.944177
  57  -38163.2892195   0.944366
  58  -38163.2320942   1.001491
  59  -38163.2320234   1.001562
  60  -38163.2318188   1.001767
  61  -38163.2316867   1.001899
  62  -38163.2315193   1.002066
  63  -38163.2313125   1.002273
  64  -38163.2311563   1.002429
  65  -38163.2006157   1.032970
  66  -38163.2005781   1.033007
  67  -38163.2004121   1.033173
  68  -38163.2003166   1.033269
  69  -38163.2002535   1.033332
  70  -38163.1998564   1.033729
  71  -38163.1995738   1.034012
  72  -38163.1993141   1.034271
  73  -38163.1989785   1.034607
  74  -38163.198761   1.034824
  75  -38163.1966076   1.036978
  76  -38163.195996   1.037589
  77  -38163.1950492   1.038536
  78  -38163.1950155   1.038570
  79  -38163.1948112   1.038774
  80  -38163.1922576   1.041328
  81  -38163.19223   1.041355
  82  -38163.1922187   1.041367
  83  -38163.1831158   1.050470
  84  -38163.1829601   1.050625
  85  -38163.1827462   1.050839
  86  -38163.1827025   1.050883
  87  -38163.1823894   1.051196
  88  -38163.1731958   1.060390
  89  -38163.1731237   1.060462
  90  -38163.1729845   1.060601
  91  -38163.1728155   1.060770
  92  -38163.1727257   1.060860
  93  -38163.1721241   1.061461
  94  -38163.1661581   1.067427
  95  -38163.165897   1.067688
  96  -38163.1651164   1.068469
  97  -38163.1648816   1.068704
  98  -38163.1648772   1.068708
  99  -38163.162513   1.071072
 100  -38163.1622596   1.071326
 101  -38163.1619297   1.071656
 102  -38163.1618182   1.071767
 103  -38163.1616444   1.071941
 104  -38163.1615466   1.072039
 105  -38163.1614805   1.072105
 106  -38163.1529532   1.080632
 107  -38163.1526343   1.080951
 108  -38163.1469929   1.086593
 109  -38163.1466412   1.086944
 110  -38163.1466301   1.086955
 111  -38163.1466239   1.086962
 112  -38163.1465888   1.086997
 113  -38163.1465171   1.087068
 114  -38163.1463977   1.087188
 115  -38163.145863   1.087723
 116  -38163.094182   1.139403
 117  -38163.0938553   1.139730
 118  -38163.0936758   1.139910
 119  -38163.093598   1.139987
 120  -38163.092999   1.140586
 121  -38163.0926316   1.140954
 122  -38163.0879584   1.145627
 123  -38163.0877153   1.145870
 124  -38163.0876109   1.145975
 125  -38163.0873493   1.146236
 126  -38163.0871681   1.146417
 127  -38163.0627237   1.170862
 128  -38163.0625051   1.171080
 129  -38163.0484873   1.185098
 130  -38163.0482847   1.185301
 131  -38163.0481068   1.185479
 132  -38163.0288386   1.204747
 133  -38163.0283208   1.205265
 134  -38163.0281299   1.205456
 135  -38163.02776   1.205826
 136  -38163.0261757   1.207410
 137  -38163.0258593   1.207726
 138  -38163.0257211   1.207864
 139  -38163.0256588   1.207927
 140  -38163.0255675   1.208018
 141  -38163.0229219   1.210664
 142  -38163.0227305   1.210855
 143  -38163.0225076   1.211078
 144  -38163.0224593   1.211126
 145  -38163.0224419   1.211144
 146  -38163.0223588   1.211227
 147  -38163.0222105   1.211375
 148  -38163.0221513   1.211434
 149  -38163.0221316   1.211454
 150  -38163.0220398   1.211546
 151  -38163.0220016   1.211584
 152  -38163.0219305   1.211655
 153  -38163.0217792   1.211806
 154  -38163.021745   1.211841
 155  -38163.0215329   1.212053
 156  -38163.0089624   1.224623
 157  -38162.9981057   1.235480
 158  -38162.9773385   1.256247
 159  -38162.9500214   1.283564
 160  -38162.9360933   1.297492
 161  -38162.9350857   1.298500
 162  -38162.9344644   1.299121
 163  -38162.9337916   1.299794
 164  -38162.9254562   1.308129
 165  -38162.9249767   1.308609
 166  -38162.8984533   1.335132
 167  -38162.8625806   1.371005
 168  -38162.8551859   1.378400
 169  -38162.8256387   1.407947
 170  -38162.8016006   1.431985
 171  -38162.785149   1.448436
 172  -38162.7605509   1.473035
 173  -38162.760492   1.473093
 174  -38162.7515629   1.482023
 175  -38162.7479562   1.485629
 176  -38162.745672   1.487914
 177  -38162.6850755   1.548510
 178  -38162.6311508   1.602435
 179  -38162.6260198   1.607566
 180  -38162.6191576   1.614428
 181  -38162.6082696   1.625316
 182  -38162.5914212   1.642164
 183  -38162.5913437   1.642242
 184  -38162.591281   1.642304
 185  -38162.5911991   1.642386
 186  -38162.5910247   1.642561
 187  -38162.5907897   1.642796
 188  -38162.5906931   1.642892
 189  -38162.5819415   1.651644
 190  -38162.543799   1.689786
 191  -38162.5294519   1.704134
 192  -38162.5071005   1.726485
 193  -38162.4693954   1.764190
 194  -38162.4523489   1.781237
 195  -38162.4182169   1.815369
 196  -38162.4140212   1.819564
 197  -38162.4067425   1.826843
 198  -38162.3951785   1.838407
 199  -38162.3627038   1.870882
 200  -38162.3558428   1.877743
 201  -38162.343915   1.889671
 202  -38162.3039945   1.929591
 203  -38162.2733444   1.960241
 204  -38162.2727049   1.960881
 205  -38162.2693308   1.964255
 206  -38162.1866919   2.046894
 207  -38162.1725048   2.061081
 208  -38162.1228079   2.110778
 209  -38162.1208831   2.112702
 210  -38162.1188408   2.114745
 211  -38162.0457234   2.187862
 212  -38162.0452135   2.188372
 213  -38161.5588571   2.674728
 214  -38161.4053222   2.828263
 215  -38161.3832157   2.850370
 216  -38161.2391822   2.994403
 217  -38161.0305018   3.203084
 218  -38160.7714916   3.462094
 219  -38160.7598118   3.473774
 220  -38160.7391726   3.494413
