# Relative energy hierarchy for Arg conformations
# Calculated with PBE+vdW (tier 2 basis)
# Conf.    Energy./ [eV]     Rel. energy./ [eV]
#
   1  -103699.457878   0.000000
   2  -103699.451387   0.006491
   3  -103699.435695   0.022183
   4  -103699.423265   0.034613
   5  -103699.419306   0.038572
   6  -103699.41053   0.047348
   7  -103699.410327   0.047551
   8  -103699.405827   0.052051
   9  -103699.400215   0.057663
  10  -103699.387222   0.070656
  11  -103699.385373   0.072505
  12  -103699.384603   0.073275
  13  -103699.372765   0.085113
  14  -103699.365858   0.092020
  15  -103699.362854   0.095024
  16  -103699.359617   0.098261
  17  -103699.353415   0.104463
  18  -103699.347445   0.110433
  19  -103699.347345   0.110533
  20  -103699.332348   0.125530
  21  -103699.32183   0.136048
  22  -103699.314047   0.143831
  23  -103699.288084   0.169794
  24  -103699.274865   0.183013
  25  -103699.271019   0.186859
  26  -103699.27096   0.186918
  27  -103699.269984   0.187894
  28  -103699.262617   0.195261
  29  -103699.259175   0.198703
  30  -103699.252931   0.204947
  31  -103699.252596   0.205282
  32  -103699.25252   0.205358
  33  -103699.251957   0.205921
  34  -103699.25041   0.207468
  35  -103699.227429   0.230449
  36  -103699.225196   0.232682
  37  -103699.223543   0.234335
  38  -103699.220585   0.237293
  39  -103699.218724   0.239154
  40  -103699.212031   0.245847
  41  -103699.211948   0.245930
  42  -103699.205821   0.252057
  43  -103699.20163   0.256248
  44  -103699.197469   0.260409
  45  -103699.197114   0.260764
  46  -103699.191263   0.266615
  47  -103699.190469   0.267409
  48  -103699.187406   0.270472
  49  -103699.18727   0.270608
  50  -103699.185576   0.272302
  51  -103699.18454   0.273338
  52  -103699.181183   0.276695
  53  -103699.166311   0.291567
  54  -103699.164366   0.293512
  55  -103699.154755   0.303123
  56  -103699.151173   0.306705
  57  -103699.146005   0.311873
  58  -103699.140121   0.317757
  59  -103699.138185   0.319693
  60  -103699.13703   0.320848
  61  -103699.134907   0.322971
  62  -103699.133646   0.324232
  63  -103699.123761   0.334117
  64  -103699.120475   0.337403
  65  -103699.113982   0.343896
  66  -103699.111801   0.346077
  67  -103699.103084   0.354794
  68  -103699.097399   0.360479
  69  -103699.094289   0.363589
  70  -103699.092904   0.364974
  71  -103699.089864   0.368014
  72  -103699.089458   0.368420
  73  -103699.077245   0.380633
  74  -103699.0767   0.381178
  75  -103699.075685   0.382193
  76  -103699.075633   0.382245
  77  -103699.075126   0.382752
  78  -103699.038856   0.419022
  79  -103699.03126   0.426618
  80  -103699.02487   0.433008
  81  -103699.023896   0.433982
  82  -103699.020692   0.437186
  83  -103699.015667   0.442211
  84  -103699.002963   0.454915
  85  -103699.001718   0.456160
  86  -103699.001291   0.456587
  87  -103699.000402   0.457476
  88  -103698.999001   0.458877
  89  -103698.995361   0.462517
  90  -103698.992212   0.465666
  91  -103698.988577   0.469301
  92  -103698.981343   0.476535
  93  -103698.980894   0.476984
  94  -103698.97872   0.479158
  95  -103698.972202   0.485676
  96  -103698.970957   0.486921
  97  -103698.962723   0.495155
  98  -103698.962387   0.495491
  99  -103698.960007   0.497871
 100  -103698.959627   0.498251
 101  -103698.951612   0.506266
 102  -103698.936821   0.521057
 103  -103698.917478   0.540400
 104  -103698.896764   0.561114
 105  -103698.89544   0.562438
 106  -103698.89241   0.565468
 107  -103698.884105   0.573773
 108  -103698.88076   0.577118
 109  -103698.877236   0.580642
 110  -103698.871204   0.586674
 111  -103698.864247   0.593631
 112  -103698.861713   0.596165
 113  -103698.857629   0.600249
 114  -103698.856932   0.600946
 115  -103698.846073   0.611805
 116  -103698.844445   0.613433
 117  -103698.838859   0.619019
 118  -103698.838216   0.619662
 119  -103698.830491   0.627387
 120  -103698.827208   0.630670
 121  -103698.815788   0.642090
 122  -103698.812947   0.644931
 123  -103698.812406   0.645472
 124  -103698.796199   0.661679
 125  -103698.794693   0.663185
 126  -103698.777719   0.680159
 127  -103698.774981   0.682897
 128  -103698.77375   0.684128
 129  -103698.770038   0.687840
 130  -103698.768103   0.689775
 131  -103698.765345   0.692533
 132  -103698.755128   0.702750
 133  -103698.754218   0.703660
 134  -103698.749114   0.708764
 135  -103698.733215   0.724663
 136  -103698.710276   0.747602
 137  -103698.696777   0.761101
 138  -103698.682202   0.775676
 139  -103698.681307   0.776571
 140  -103698.654156   0.803722
 141  -103698.646861   0.811017
 142  -103698.642046   0.815832
 143  -103698.638369   0.819509
 144  -103698.6018   0.856078
 145  -103698.596779   0.861099
 146  -103698.595508   0.862370
 147  -103698.590357   0.867521
 148  -103698.576726   0.881152
 149  -103698.570089   0.887789
 150  -103698.564641   0.893237
 151  -103698.555059   0.902819
 152  -103698.542471   0.915407
 153  -103698.541433   0.916445
 154  -103698.539618   0.918260
 155  -103698.538251   0.919627
 156  -103698.528396   0.929482
 157  -103698.526268   0.931610
 158  -103698.51586   0.942018
 159  -103698.507903   0.949975
 160  -103698.496878   0.961000
 161  -103698.489383   0.968495
 162  -103698.489164   0.968714
 163  -103698.465322   0.992556
 164  -103698.452257   1.005621
 165  -103698.45087   1.007008
 166  -103698.433368   1.024510
 167  -103698.430155   1.027723
 168  -103698.427972   1.029906
 169  -103698.418482   1.039396
 170  -103698.418074   1.039804
 171  -103698.415361   1.042517
 172  -103698.409673   1.048205
 173  -103698.408678   1.049200
 174  -103698.402419   1.055459
 175  -103698.400497   1.057381
 176  -103698.396444   1.061434
 177  -103698.388671   1.069207
 178  -103698.385342   1.072536
 179  -103698.374811   1.083067
 180  -103698.351773   1.106105
 181  -103698.35157   1.106308
 182  -103698.34655   1.111328
 183  -103698.344103   1.113775
 184  -103698.330299   1.127579
 185  -103698.309369   1.148509
 186  -103698.300364   1.157514
 187  -103698.293402   1.164476
 188  -103698.284651   1.173227
 189  -103698.269225   1.188653
 190  -103698.266739   1.191139
 191  -103698.257298   1.200580
 192  -103698.253589   1.204289
 193  -103698.242876   1.215002
 194  -103698.216139   1.241739
 195  -103698.196146   1.261732
 196  -103698.191571   1.266307
 197  -103698.188179   1.269699
 198  -103698.17959   1.278288
 199  -103698.165019   1.292859
 200  -103698.16026   1.297618
 201  -103698.159179   1.298699
 202  -103698.149764   1.308114
 203  -103698.142441   1.315437
 204  -103698.136042   1.321836
 205  -103698.130757   1.327121
 206  -103698.117125   1.340753
 207  -103698.110531   1.347347
 208  -103698.080929   1.376949
 209  -103698.080653   1.377225
 210  -103698.080584   1.377294
 211  -103698.079583   1.378295
 212  -103698.066183   1.391695
 213  -103698.052039   1.405839
 214  -103698.031907   1.425971
 215  -103698.030404   1.427474
 216  -103698.02989   1.427988
 217  -103698.019034   1.438844
 218  -103698.005575   1.452303
 219  -103698.005307   1.452571
 220  -103697.997815   1.460063
 221  -103697.994831   1.463047
 222  -103697.989891   1.467987
 223  -103697.989686   1.468192
 224  -103697.985567   1.472311
 225  -103697.983832   1.474046
 226  -103697.983489   1.474389
 227  -103697.982417   1.475461
 228  -103697.971867   1.486011
 229  -103697.970659   1.487219
 230  -103697.968887   1.488991
 231  -103697.966542   1.491336
 232  -103697.958226   1.499652
 233  -103697.951149   1.506729
 234  -103697.944168   1.513710
 235  -103697.943425   1.514453
 236  -103697.939034   1.518844
 237  -103697.938731   1.519147
 238  -103697.922575   1.535303
 239  -103697.918234   1.539644
 240  -103697.913888   1.543990
 241  -103697.913314   1.544564
 242  -103697.911825   1.546053
 243  -103697.906487   1.551391
 244  -103697.887837   1.570041
 245  -103697.887018   1.570860
 246  -103697.885467   1.572411
 247  -103697.884832   1.573046
 248  -103697.883796   1.574082
 249  -103697.88333   1.574548
 250  -103697.882986   1.574892
 251  -103697.880875   1.577003
 252  -103697.878174   1.579704
 253  -103697.870142   1.587736
 254  -103697.865516   1.592362
 255  -103697.855395   1.602483
 256  -103697.85494   1.602938
 257  -103697.854891   1.602987
 258  -103697.850681   1.607197
 259  -103697.847042   1.610836
 260  -103697.844197   1.613681
 261  -103697.84386   1.614018
 262  -103697.839197   1.618681
 263  -103697.816669   1.641209
 264  -103697.814065   1.643813
 265  -103697.806907   1.650971
 266  -103697.804588   1.653290
 267  -103697.803842   1.654036
 268  -103697.803278   1.654600
 269  -103697.788434   1.669444
 270  -103697.781226   1.676652
 271  -103697.779687   1.678191
 272  -103697.768722   1.689156
 273  -103697.767351   1.690527
 274  -103697.751773   1.706105
 275  -103697.751173   1.706705
 276  -103697.747252   1.710626
 277  -103697.747122   1.710756
 278  -103697.740672   1.717206
 279  -103697.728303   1.729575
 280  -103697.725308   1.732570
 281  -103697.71736   1.740518
 282  -103697.717075   1.740803
 283  -103697.716208   1.741670
 284  -103697.711598   1.746280
 285  -103697.709971   1.747907
 286  -103697.697356   1.760522
 287  -103697.689795   1.768083
 288  -103697.688559   1.769319
 289  -103697.687412   1.770466
 290  -103697.684934   1.772944
 291  -103697.684409   1.773469
 292  -103697.670205   1.787673
 293  -103697.6678   1.790078
 294  -103697.66387   1.794008
 295  -103697.663046   1.794832
 296  -103697.651278   1.806600
 297  -103697.633689   1.824189
 298  -103697.632749   1.825129
 299  -103697.63268   1.825198
 300  -103697.627736   1.830142
 301  -103697.626828   1.831050
 302  -103697.626212   1.831666
 303  -103697.62338   1.834498
 304  -103697.602049   1.855829
 305  -103697.599458   1.858420
 306  -103697.593958   1.863920
 307  -103697.589865   1.868013
 308  -103697.587309   1.870569
 309  -103697.583479   1.874399
 310  -103697.572918   1.884960
 311  -103697.569747   1.888131
 312  -103697.568783   1.889095
 313  -103697.554167   1.903711
 314  -103697.551028   1.906850
 315  -103697.550121   1.907757
 316  -103697.542181   1.915697
 317  -103697.54212   1.915758
 318  -103697.541711   1.916167
 319  -103697.534921   1.922957
 320  -103697.532738   1.925140
 321  -103697.506587   1.951291
 322  -103697.502757   1.955121
 323  -103697.50202   1.955858
 324  -103697.495748   1.962130
 325  -103697.492325   1.965553
 326  -103697.485467   1.972411
 327  -103697.484436   1.973442
 328  -103697.484434   1.973444
 329  -103697.48193   1.975948
 330  -103697.478813   1.979065
 331  -103697.47533   1.982548
 332  -103697.470079   1.987799
 333  -103697.469536   1.988342
 334  -103697.4643   1.993578
 335  -103697.453822   2.004056
 336  -103697.453808   2.004070
 337  -103697.453185   2.004693
 338  -103697.446171   2.011707
 339  -103697.441744   2.016134
 340  -103697.437774   2.020104
 341  -103697.436564   2.021314
 342  -103697.434927   2.022951
 343  -103697.432534   2.025344
 344  -103697.420499   2.037379
 345  -103697.41593   2.041948
 346  -103697.412024   2.045854
 347  -103697.409578   2.048300
 348  -103697.395304   2.062574
 349  -103697.394244   2.063634
 350  -103697.393382   2.064496
 351  -103697.387624   2.070254
 352  -103697.378417   2.079461
 353  -103697.37781   2.080068
 354  -103697.375671   2.082207
 355  -103697.372417   2.085461
 356  -103697.369278   2.088600
 357  -103697.365965   2.091913
 358  -103697.361335   2.096543
 359  -103697.360427   2.097451
 360  -103697.350353   2.107525
 361  -103697.350248   2.107630
 362  -103697.32166   2.136218
 363  -103697.321205   2.136673
 364  -103697.321178   2.136700
 365  -103697.318326   2.139552
 366  -103697.318046   2.139832
 367  -103697.316185   2.141693
 368  -103697.315942   2.141936
 369  -103697.314589   2.143289
 370  -103697.274247   2.183631
 371  -103697.26376   2.194118
 372  -103697.260768   2.197110
 373  -103697.245912   2.211966
 374  -103697.227703   2.230175
 375  -103697.227293   2.230585
 376  -103697.216822   2.241056
 377  -103697.211598   2.246280
 378  -103697.204649   2.253229
 379  -103697.203959   2.253919
 380  -103697.200865   2.257013
 381  -103697.191303   2.266575
 382  -103697.190539   2.267339
 383  -103697.182572   2.275306
 384  -103697.177328   2.280550
 385  -103697.175823   2.282055
 386  -103697.165617   2.292261
 387  -103697.157124   2.300754
 388  -103697.126764   2.331114
 389  -103697.126025   2.331853
 390  -103697.107812   2.350066
 391  -103697.100127   2.357751
 392  -103697.095878   2.362000
 393  -103697.074249   2.383629
 394  -103697.072927   2.384951
 395  -103697.067885   2.389993
 396  -103697.051079   2.406799
 397  -103697.050913   2.406965
 398  -103697.02209   2.435788
 399  -103697.019176   2.438702
 400  -103697.018399   2.439479
 401  -103697.007606   2.450272
 402  -103696.999079   2.458799
 403  -103696.994374   2.463504
 404  -103696.991457   2.466421
 405  -103696.976542   2.481336
 406  -103696.974777   2.483101
 407  -103696.961356   2.496522
 408  -103696.960064   2.497814
 409  -103696.959895   2.497983
 410  -103696.957231   2.500647
 411  -103696.954844   2.503034
 412  -103696.953162   2.504716
 413  -103696.952985   2.504893
 414  -103696.951344   2.506534
 415  -103696.949425   2.508453
 416  -103696.947013   2.510865
 417  -103696.943095   2.514783
 418  -103696.92582   2.532058
 419  -103696.925493   2.532385
 420  -103696.923386   2.534492
 421  -103696.919872   2.538006
 422  -103696.916839   2.541039
 423  -103696.913505   2.544373
 424  -103696.911504   2.546374
 425  -103696.899887   2.557991
 426  -103696.889711   2.568167
 427  -103696.889422   2.568456
 428  -103696.88609   2.571788
 429  -103696.883634   2.574244
 430  -103696.883464   2.574414
 431  -103696.880221   2.577657
 432  -103696.867126   2.590752
 433  -103696.862638   2.595240
 434  -103696.857968   2.599910
 435  -103696.800924   2.656954
 436  -103696.664872   2.793006
 437  -103696.571012   2.886866
 438  -103696.557429   2.900449
 439  -103696.522558   2.935320
 440  -103696.505597   2.952281
 441  -103696.423835   3.034043
 442  -103696.423132   3.034746
 443  -103696.419947   3.037931
 444  -103696.409848   3.048030
 445  -103696.402289   3.055589
 446  -103696.377221   3.080657
 447  -103696.370116   3.087762
 448  -103695.734119   3.723759
 449  -103695.699876   3.758002
 450  -103695.628204   3.829674
