# Relative energy hierarchy for Lys conformations
# Calculated with PBE+vdW (tier 2 basis)
# Conf.    Energy./ [eV]     Rel. energy./ [eV]
#
   1  -13526.877031   0.000000
   2  -13526.870382   0.006649
   3  -13526.868811   0.008220
   4  -13526.866311   0.010720
   5  -13526.865592   0.011439
   6  -13526.851601   0.025430
   7  -13526.850936   0.026095
   8  -13526.845791   0.031240
   9  -13526.845689   0.031342
  10  -13526.845319   0.031712
  11  -13526.841607   0.035424
  12  -13526.840260   0.036771
  13  -13526.825513   0.051518
  14  -13526.816236   0.060795
  15  -13526.809517   0.067514
  16  -13526.795483   0.081548
  17  -13526.793485   0.083546
  18  -13526.792277   0.084754
  19  -13526.791277   0.085754
  20  -13526.790726   0.086305
  21  -13526.790113   0.086918
  22  -13526.782112   0.094919
  23  -13526.782102   0.094929
  24  -13526.781698   0.095333
  25  -13526.781548   0.095483
  26  -13526.780421   0.096610
  27  -13526.777711   0.099320
  28  -13526.776191   0.100840
  29  -13526.775779   0.101252
  30  -13526.774499   0.102532
  31  -13526.774188   0.102843
  32  -13526.773537   0.103494
  33  -13526.772683   0.104348
  34  -13526.771995   0.105036
  35  -13526.771745   0.105286
  36  -13526.770957   0.106074
  37  -13526.770855   0.106176
  38  -13526.770244   0.106787
  39  -13526.769516   0.107515
  40  -13526.769393   0.107638
  41  -13526.768192   0.108839
  42  -13526.767976   0.109055
  43  -13526.767771   0.109260
  44  -13526.767078   0.109953
  45  -13526.766846   0.110185
  46  -13526.766606   0.110425
  47  -13526.766258   0.110773
  48  -13526.765743   0.111288
  49  -13526.765689   0.111342
  50  -13526.764780   0.112251
  51  -13526.763259   0.113772
  52  -13526.761549   0.115482
  53  -13526.761544   0.115487
  54  -13526.760288   0.116743
  55  -13526.760042   0.116989
  56  -13526.759907   0.117124
  57  -13526.758960   0.118071
  58  -13526.758922   0.118109
  59  -13526.758850   0.118181
  60  -13526.758521   0.118510
  61  -13526.758476   0.118555
  62  -13526.757830   0.119201
  63  -13526.757794   0.119237
  64  -13526.757396   0.119635
  65  -13526.757251   0.119780
  66  -13526.756942   0.120089
  67  -13526.756270   0.120761
  68  -13526.756060   0.120971
  69  -13526.755033   0.121998
  70  -13526.754529   0.122502
  71  -13526.753972   0.123059
  72  -13526.752295   0.124736
  73  -13526.751875   0.125156
  74  -13526.751242   0.125789
  75  -13526.751025   0.126006
  76  -13526.749742   0.127289
  77  -13526.749739   0.127292
  78  -13526.748996   0.128035
  79  -13526.748936   0.128095
  80  -13526.748863   0.128168
  81  -13526.748823   0.128208
  82  -13526.747467   0.129564
  83  -13526.747215   0.129816
  84  -13526.747155   0.129876
  85  -13526.747010   0.130021
  86  -13526.746872   0.130159
  87  -13526.746095   0.130936
  88  -13526.745520   0.131511
  89  -13526.745516   0.131515
  90  -13526.745162   0.131869
  91  -13526.744730   0.132301
  92  -13526.744695   0.132336
  93  -13526.744414   0.132617
  94  -13526.744011   0.133020
  95  -13526.743685   0.133346
  96  -13526.743595   0.133436
  97  -13526.743066   0.133965
  98  -13526.741737   0.135294
  99  -13526.741582   0.135449
 100  -13526.740225   0.136806
 101  -13526.740189   0.136842
 102  -13526.739328   0.137703
 103  -13526.738455   0.138576
 104  -13526.738245   0.138786
 105  -13526.737743   0.139288
 106  -13526.737238   0.139793
 107  -13526.737054   0.139977
 108  -13526.737033   0.139998
 109  -13526.736724   0.140307
 110  -13526.736252   0.140779
 111  -13526.735635   0.141396
 112  -13526.734542   0.142489
 113  -13526.732154   0.144877
 114  -13526.731309   0.145722
 115  -13526.731164   0.145867
 116  -13526.731119   0.145912
 117  -13526.729599   0.147432
 118  -13526.727748   0.149283
 119  -13526.727512   0.149519
 120  -13526.727363   0.149668
 121  -13526.727243   0.149788
 122  -13526.725588   0.151443
 123  -13526.724456   0.152575
 124  -13526.724201   0.152830
 125  -13526.723567   0.153464
 126  -13526.723077   0.153954
 127  -13526.722125   0.154906
 128  -13526.722110   0.154921
 129  -13526.721579   0.155452
 130  -13526.721124   0.155907
 131  -13526.720991   0.156040
 132  -13526.720854   0.156177
 133  -13526.720494   0.156537
 134  -13526.719808   0.157223
 135  -13526.719361   0.157670
 136  -13526.718908   0.158123
 137  -13526.718008   0.159023
 138  -13526.717976   0.159055
 139  -13526.717830   0.159201
 140  -13526.717809   0.159222
 141  -13526.717362   0.159669
 142  -13526.715821   0.161210
 143  -13526.715755   0.161276
 144  -13526.715608   0.161423
 145  -13526.715542   0.161489
 146  -13526.715495   0.161536
 147  -13526.715153   0.161878
 148  -13526.715079   0.161952
 149  -13526.714474   0.162557
 150  -13526.714355   0.162676
 151  -13526.713537   0.163494
 152  -13526.713406   0.163625
 153  -13526.712163   0.164868
 154  -13526.712089   0.164942
 155  -13526.711604   0.165427
 156  -13526.711491   0.165540
 157  -13526.710145   0.166886
 158  -13526.709381   0.167650
 159  -13526.708214   0.168817
 160  -13526.707988   0.169043
 161  -13526.705954   0.171077
 162  -13526.704488   0.172543
 163  -13526.704332   0.172699
 164  -13526.703953   0.173078
 165  -13526.703841   0.173190
 166  -13526.703675   0.173356
 167  -13526.703211   0.173820
 168  -13526.702862   0.174169
 169  -13526.702724   0.174307
 170  -13526.702532   0.174499
 171  -13526.701827   0.175204
 172  -13526.701363   0.175668
 173  -13526.701002   0.176029
 174  -13526.700994   0.176037
 175  -13526.700896   0.176135
 176  -13526.700580   0.176451
 177  -13526.700553   0.176478
 178  -13526.700459   0.176572
 179  -13526.698489   0.178542
 180  -13526.698148   0.178883
 181  -13526.697895   0.179136
 182  -13526.697460   0.179571
 183  -13526.697301   0.179730
 184  -13526.695305   0.181726
 185  -13526.695280   0.181751
 186  -13526.694977   0.182054
 187  -13526.693689   0.183342
 188  -13526.693622   0.183409
 189  -13526.693557   0.183474
 190  -13526.693400   0.183631
 191  -13526.692691   0.184340
 192  -13526.692350   0.184681
 193  -13526.692319   0.184712
 194  -13526.692279   0.184752
 195  -13526.691921   0.185110
 196  -13526.691014   0.186017
 197  -13526.690973   0.186058
 198  -13526.690965   0.186066
 199  -13526.690870   0.186161
 200  -13526.690652   0.186379
 201  -13526.690513   0.186518
 202  -13526.690495   0.186536
 203  -13526.689712   0.187319
 204  -13526.689433   0.187598
 205  -13526.689174   0.187857
 206  -13526.688989   0.188042
 207  -13526.688968   0.188063
 208  -13526.688844   0.188187
 209  -13526.688041   0.188990
 210  -13526.687886   0.189145
 211  -13526.687872   0.189159
 212  -13526.687428   0.189603
 213  -13526.686338   0.190693
 214  -13526.686290   0.190741
 215  -13526.686151   0.190880
 216  -13526.685881   0.191150
 217  -13526.685393   0.191638
 218  -13526.685390   0.191641
 219  -13526.685243   0.191788
 220  -13526.685167   0.191864
 221  -13526.681970   0.195061
 222  -13526.681956   0.195075
 223  -13526.681568   0.195463
 224  -13526.681451   0.195580
 225  -13526.681443   0.195588
 226  -13526.680552   0.196479
 227  -13526.680002   0.197029
 228  -13526.679899   0.197132
 229  -13526.679683   0.197348
 230  -13526.679556   0.197475
 231  -13526.678379   0.198652
 232  -13526.677953   0.199078
 233  -13526.677621   0.199410
 234  -13526.676715   0.200316
 235  -13526.676200   0.200831
 236  -13526.675851   0.201180
 237  -13526.674099   0.202932
 238  -13526.673883   0.203148
 239  -13526.673546   0.203485
 240  -13526.673464   0.203567
 241  -13526.673041   0.203990
 242  -13526.672789   0.204242
 243  -13526.672159   0.204872
 244  -13526.671114   0.205917
 245  -13526.670878   0.206153
 246  -13526.669995   0.207036
 247  -13526.669989   0.207042
 248  -13526.668523   0.208508
 249  -13526.667616   0.209415
 250  -13526.667535   0.209496
 251  -13526.667118   0.209913
 252  -13526.667090   0.209941
 253  -13526.665886   0.211145
 254  -13526.665197   0.211834
 255  -13526.664575   0.212456
 256  -13526.664073   0.212958
 257  -13526.663720   0.213311
 258  -13526.663596   0.213435
 259  -13526.662860   0.214171
 260  -13526.662203   0.214828
 261  -13526.662016   0.215015
 262  -13526.662015   0.215016
 263  -13526.661811   0.215220
 264  -13526.661630   0.215401
 265  -13526.661572   0.215459
 266  -13526.661476   0.215555
 267  -13526.661472   0.215559
 268  -13526.660523   0.216508
 269  -13526.660393   0.216638
 270  -13526.660337   0.216694
 271  -13526.660198   0.216833
 272  -13526.660171   0.216860
 273  -13526.659650   0.217381
 274  -13526.659394   0.217637
 275  -13526.659102   0.217929
 276  -13526.659035   0.217996
 277  -13526.659010   0.218021
 278  -13526.659007   0.218024
 279  -13526.658414   0.218617
 280  -13526.658349   0.218682
 281  -13526.658296   0.218735
 282  -13526.658008   0.219023
 283  -13526.657950   0.219081
 284  -13526.657324   0.219707
 285  -13526.656672   0.220359
 286  -13526.655959   0.221072
 287  -13526.655827   0.221204
 288  -13526.655192   0.221839
 289  -13526.654588   0.222443
 290  -13526.654532   0.222499
 291  -13526.654483   0.222548
 292  -13526.653913   0.223118
 293  -13526.653862   0.223169
 294  -13526.653795   0.223236
 295  -13526.653619   0.223412
 296  -13526.653591   0.223440
 297  -13526.653521   0.223510
 298  -13526.653446   0.223585
 299  -13526.652946   0.224085
 300  -13526.652764   0.224267
 301  -13526.651950   0.225081
 302  -13526.651551   0.225480
 303  -13526.651491   0.225540
 304  -13526.651332   0.225699
 305  -13526.651207   0.225824
 306  -13526.650801   0.226230
 307  -13526.650171   0.226860
 308  -13526.649827   0.227204
 309  -13526.649760   0.227271
 310  -13526.649241   0.227790
 311  -13526.649128   0.227903
 312  -13526.649121   0.227910
 313  -13526.649120   0.227911
 314  -13526.648873   0.228158
 315  -13526.648585   0.228446
 316  -13526.648497   0.228534
 317  -13526.648027   0.229004
 318  -13526.647895   0.229136
 319  -13526.647878   0.229153
 320  -13526.647862   0.229169
 321  -13526.647356   0.229675
 322  -13526.647317   0.229714
 323  -13526.646953   0.230078
 324  -13526.646734   0.230297
 325  -13526.646577   0.230454
 326  -13526.645531   0.231500
 327  -13526.644819   0.232212
 328  -13526.643760   0.233271
 329  -13526.643731   0.233300
 330  -13526.643630   0.233401
 331  -13526.643357   0.233674
 332  -13526.643064   0.233967
 333  -13526.642398   0.234633
 334  -13526.641930   0.235101
 335  -13526.641869   0.235162
 336  -13526.641824   0.235207
 337  -13526.641737   0.235294
 338  -13526.641456   0.235575
 339  -13526.641335   0.235696
 340  -13526.641222   0.235809
 341  -13526.641112   0.235919
 342  -13526.641003   0.236028
 343  -13526.640852   0.236179
 344  -13526.640813   0.236218
 345  -13526.640600   0.236431
 346  -13526.640572   0.236459
 347  -13526.640312   0.236719
 348  -13526.639990   0.237041
 349  -13526.639920   0.237111
 350  -13526.639913   0.237118
 351  -13526.639446   0.237585
 352  -13526.639234   0.237797
 353  -13526.639155   0.237876
 354  -13526.639134   0.237897
 355  -13526.638764   0.238267
 356  -13526.638754   0.238277
 357  -13526.637924   0.239107
 358  -13526.637721   0.239310
 359  -13526.636982   0.240049
 360  -13526.636921   0.240110
 361  -13526.636850   0.240181
 362  -13526.636660   0.240371
 363  -13526.636486   0.240545
 364  -13526.636123   0.240908
 365  -13526.635858   0.241173
 366  -13526.635847   0.241184
 367  -13526.635766   0.241265
 368  -13526.635423   0.241608
 369  -13526.635253   0.241778
 370  -13526.635148   0.241883
 371  -13526.634632   0.242399
 372  -13526.633592   0.243439
 373  -13526.633499   0.243532
 374  -13526.633164   0.243867
 375  -13526.633022   0.244009
 376  -13526.632700   0.244331
 377  -13526.632676   0.244355
 378  -13526.632358   0.244673
 379  -13526.631576   0.245455
 380  -13526.631284   0.245747
 381  -13526.630740   0.246291
 382  -13526.629859   0.247172
 383  -13526.629699   0.247332
 384  -13526.629683   0.247348
 385  -13526.629392   0.247639
 386  -13526.629318   0.247713
 387  -13526.628933   0.248098
 388  -13526.628799   0.248232
 389  -13526.628630   0.248401
 390  -13526.627767   0.249264
 391  -13526.626952   0.250079
 392  -13526.626285   0.250746
 393  -13526.625158   0.251873
 394  -13526.623666   0.253365
 395  -13526.623266   0.253765
 396  -13526.622955   0.254076
 397  -13526.622668   0.254363
 398  -13526.622383   0.254648
 399  -13526.621978   0.255053
 400  -13526.621928   0.255103
 401  -13526.621375   0.255656
 402  -13526.621041   0.255990
 403  -13526.621011   0.256020
 404  -13526.620845   0.256186
 405  -13526.619605   0.257426
 406  -13526.619497   0.257534
 407  -13526.619423   0.257608
 408  -13526.619144   0.257887
 409  -13526.618841   0.258190
 410  -13526.618726   0.258305
 411  -13526.618620   0.258411
 412  -13526.618603   0.258428
 413  -13526.618227   0.258804
 414  -13526.617941   0.259090
 415  -13526.617359   0.259672
 416  -13526.616988   0.260043
 417  -13526.616693   0.260338
 418  -13526.615883   0.261148
 419  -13526.615847   0.261184
 420  -13526.615792   0.261239
 421  -13526.615538   0.261493
 422  -13526.615413   0.261618
 423  -13526.614578   0.262453
 424  -13526.614412   0.262619
 425  -13526.613622   0.263409
 426  -13526.613543   0.263488
 427  -13526.612812   0.264219
 428  -13526.612694   0.264337
 429  -13526.612609   0.264422
 430  -13526.612124   0.264907
 431  -13526.611383   0.265648
 432  -13526.611274   0.265757
 433  -13526.611219   0.265812
 434  -13526.611172   0.265859
 435  -13526.611154   0.265877
 436  -13526.610880   0.266151
 437  -13526.610351   0.266680
 438  -13526.610064   0.266967
 439  -13526.609694   0.267337
 440  -13526.609620   0.267411
 441  -13526.609516   0.267515
 442  -13526.609480   0.267551
 443  -13526.609258   0.267773
 444  -13526.609122   0.267909
 445  -13526.607306   0.269725
 446  -13526.606900   0.270131
 447  -13526.606759   0.270272
 448  -13526.606680   0.270351
 449  -13526.606332   0.270699
 450  -13526.606300   0.270731
 451  -13526.606139   0.270892
 452  -13526.605461   0.271570
 453  -13526.603512   0.273519
 454  -13526.603094   0.273937
 455  -13526.602551   0.274480
 456  -13526.602270   0.274761
 457  -13526.601246   0.275785
 458  -13526.599145   0.277886
 459  -13526.598963   0.278068
 460  -13526.598272   0.278759
 461  -13526.598219   0.278812
 462  -13526.597741   0.279290
 463  -13526.597720   0.279311
 464  -13526.597293   0.279738
 465  -13526.597161   0.279870
 466  -13526.596970   0.280061
 467  -13526.596813   0.280218
 468  -13526.596495   0.280536
 469  -13526.595440   0.281591
 470  -13526.594882   0.282149
 471  -13526.594180   0.282851
 472  -13526.594075   0.282956
 473  -13526.593166   0.283865
 474  -13526.592997   0.284034
 475  -13526.592131   0.284900
 476  -13526.592069   0.284962
 477  -13526.591588   0.285443
 478  -13526.591555   0.285476
 479  -13526.590386   0.286645
 480  -13526.589706   0.287325
 481  -13526.589540   0.287491
 482  -13526.589401   0.287630
 483  -13526.589356   0.287675
 484  -13526.589254   0.287777
 485  -13526.588992   0.288039
 486  -13526.588554   0.288477
 487  -13526.588428   0.288603
 488  -13526.587766   0.289265
 489  -13526.587359   0.289672
 490  -13526.587333   0.289698
 491  -13526.585288   0.291743
 492  -13526.584936   0.292095
 493  -13526.584685   0.292346
 494  -13526.584094   0.292937
 495  -13526.584026   0.293005
 496  -13526.583564   0.293467
 497  -13526.583133   0.293898
 498  -13526.582039   0.294992
 499  -13526.582026   0.295005
 500  -13526.581732   0.295299
 501  -13526.581653   0.295378
 502  -13526.581005   0.296026
 503  -13526.580843   0.296188
 504  -13526.579785   0.297246
 505  -13526.579697   0.297334
 506  -13526.579117   0.297914
 507  -13526.579016   0.298015
 508  -13526.578746   0.298285
 509  -13526.578385   0.298646
 510  -13526.578159   0.298872
 511  -13526.578125   0.298906
 512  -13526.577999   0.299032
 513  -13526.577838   0.299193
 514  -13526.576551   0.300480
 515  -13526.576272   0.300759
 516  -13526.575696   0.301335
 517  -13526.575640   0.301391
 518  -13526.575509   0.301522
 519  -13526.575451   0.301580
 520  -13526.575341   0.301690
 521  -13526.573657   0.303374
 522  -13526.572979   0.304052
 523  -13526.572895   0.304136
 524  -13526.571590   0.305441
 525  -13526.571567   0.305464
 526  -13526.571460   0.305571
 527  -13526.570472   0.306559
 528  -13526.569569   0.307462
 529  -13526.569236   0.307795
 530  -13526.568800   0.308231
 531  -13526.566861   0.310170
 532  -13526.566637   0.310394
 533  -13526.565919   0.311112
 534  -13526.565918   0.311113
 535  -13526.565791   0.311240
 536  -13526.565567   0.311464
 537  -13526.563684   0.313347
 538  -13526.563432   0.313599
 539  -13526.563242   0.313789
 540  -13526.562266   0.314765
 541  -13526.561960   0.315071
 542  -13526.560754   0.316277
 543  -13526.560297   0.316734
 544  -13526.560036   0.316995
 545  -13526.558854   0.318177
 546  -13526.558422   0.318609
 547  -13526.558393   0.318638
 548  -13526.557300   0.319731
 549  -13526.556686   0.320345
 550  -13526.553503   0.323528
 551  -13526.551280   0.325751
 552  -13526.551018   0.326013
 553  -13526.545952   0.331079
 554  -13526.541490   0.335541
 555  -13526.538993   0.338038
 556  -13526.538587   0.338444
 557  -13526.537134   0.339897
 558  -13526.536724   0.340307
 559  -13526.535071   0.341960
 560  -13526.534986   0.342045
 561  -13526.534373   0.342658
 562  -13526.532310   0.344721
 563  -13526.530994   0.346037
 564  -13526.530909   0.346122
 565  -13526.530000   0.347031
 566  -13526.529630   0.347401
 567  -13526.529092   0.347939
 568  -13526.528735   0.348296
 569  -13526.526506   0.350525
 570  -13526.523722   0.353309
 571  -13526.523673   0.353358
 572  -13526.522076   0.354955
 573  -13526.520186   0.356845
 574  -13526.515124   0.361907
 575  -13526.514368   0.362663
 576  -13526.513446   0.363585
 577  -13526.512947   0.364084
 578  -13526.512942   0.364089
 579  -13526.511634   0.365397
 580  -13526.510685   0.366346
 581  -13526.510501   0.366530
 582  -13526.507260   0.369771
 583  -13526.506189   0.370842
 584  -13526.499880   0.377151
 585  -13526.499404   0.377627
 586  -13526.496312   0.380719
 587  -13526.495911   0.381120
 588  -13526.495433   0.381598
 589  -13526.494848   0.382183
 590  -13526.491352   0.385679
 591  -13526.488486   0.388545
 592  -13526.486032   0.390999
 593  -13526.485378   0.391653
 594  -13526.480727   0.396304
 595  -13526.477999   0.399032
 596  -13526.476786   0.400245
 597  -13526.466259   0.410772
 598  -13526.465995   0.411036
 599  -13526.464783   0.412248
 600  -13526.464442   0.412589
 601  -13526.464226   0.412805
 602  -13526.463950   0.413081
 603  -13526.463835   0.413196
 604  -13526.459867   0.417164
 605  -13526.459055   0.417976
 606  -13526.455258   0.421773
 607  -13526.453458   0.423573
 608  -13526.452649   0.424382
 609  -13526.451575   0.425456
 610  -13526.451290   0.425741
 611  -13526.446269   0.430762
 612  -13526.446069   0.430962
 613  -13526.443131   0.433900
 614  -13526.441989   0.435042
 615  -13526.441442   0.435589
 616  -13526.438470   0.438561
 617  -13526.437996   0.439035
 618  -13526.434636   0.442395
 619  -13526.430347   0.446684
 620  -13526.424483   0.452548
 621  -13526.423248   0.453783
 622  -13526.422599   0.454432
 623  -13526.417583   0.459448
 624  -13526.417219   0.459812
 625  -13526.408047   0.468984
 626  -13526.402932   0.474099
 627  -13526.402709   0.474322
 628  -13526.396978   0.480053
 629  -13526.395999   0.481032
 630  -13526.380497   0.496534
 631  -13526.373133   0.503898
 632  -13526.320937   0.556094
