# Relative energy hierarchy for Ac-Lysh-NMe conformations
# Calculated with PBE+vdW (tier 2 basis)
# Conf.    Energy./ [eV]     Rel. energy./ [eV]
#
   1  -243353.405300   0.000000
   2  -243353.363181   0.042119
   3  -243353.277903   0.127397
   4  -243353.262102   0.143198
   5  -243353.261751   0.143549
   6  -243353.250452   0.154848
   7  -243353.231493   0.173807
   8  -243353.223509   0.181791
   9  -243353.222798   0.182502
  10  -243353.208029   0.197271
  11  -243353.207766   0.197534
  12  -243353.198384   0.206916
  13  -243353.193161   0.212139
  14  -243353.176495   0.228805
  15  -243353.153162   0.252138
  16  -243353.142151   0.263149
  17  -243353.125404   0.279896
  18  -243353.116932   0.288368
  19  -243353.116468   0.288832
  20  -243353.115182   0.290118
  21  -243353.111468   0.293832
  22  -243353.110537   0.294763
  23  -243353.110322   0.294978
  24  -243353.099656   0.305644
  25  -243353.094622   0.310678
  26  -243353.092785   0.312515
  27  -243353.091984   0.313316
  28  -243353.082398   0.322902
  29  -243353.077469   0.327831
  30  -243353.075274   0.330026
  31  -243353.070887   0.334413
  32  -243353.069103   0.336197
  33  -243353.058776   0.346524
  34  -243353.055403   0.349897
  35  -243353.047511   0.357789
  36  -243353.038776   0.366524
  37  -243353.038682   0.366618
  38  -243353.037245   0.368055
  39  -243353.033164   0.372136
  40  -243353.030729   0.374571
  41  -243353.026059   0.379241
  42  -243353.023104   0.382196
  43  -243353.017446   0.387854
  44  -243353.010631   0.394669
  45  -243353.006568   0.398732
  46  -243353.003618   0.401682
  47  -243353.002935   0.402365
  48  -243353.002065   0.403235
  49  -243353.000544   0.404756
  50  -243352.999935   0.405365
  51  -243352.999572   0.405728
  52  -243352.992052   0.413248
  53  -243352.990291   0.415009
  54  -243352.989407   0.415893
  55  -243352.989405   0.415895
  56  -243352.987656   0.417644
  57  -243352.969160   0.436140
  58  -243352.965294   0.440006
  59  -243352.965129   0.440171
  60  -243352.956368   0.448932
  61  -243352.950795   0.454505
  62  -243352.944078   0.461222
  63  -243352.937935   0.467365
  64  -243352.931925   0.473375
  65  -243352.931315   0.473985
  66  -243352.925033   0.480267
  67  -243352.924674   0.480626
  68  -243352.914419   0.490881
  69  -243352.907920   0.497380
  70  -243352.905117   0.500183
  71  -243352.903653   0.501647
  72  -243352.901481   0.503819
  73  -243352.897635   0.507665
  74  -243352.897174   0.508126
  75  -243352.894447   0.510853
  76  -243352.892708   0.512592
  77  -243352.888554   0.516746
  78  -243352.886732   0.518568
  79  -243352.877278   0.528022
  80  -243352.873854   0.531446
  81  -243352.871810   0.533490
  82  -243352.859767   0.545533
  83  -243352.856359   0.548941
  84  -243352.852741   0.552559
  85  -243352.838661   0.566639
  86  -243352.837303   0.567997
  87  -243352.824964   0.580336
  88  -243352.823800   0.581500
  89  -243352.819026   0.586274
  90  -243352.817414   0.587886
  91  -243352.816862   0.588438
  92  -243352.816507   0.588793
  93  -243352.806690   0.598610
  94  -243352.795166   0.610134
  95  -243352.777810   0.627490
  96  -243352.773305   0.631995
  97  -243352.772021   0.633279
  98  -243352.764656   0.640644
  99  -243352.745804   0.659496
 100  -243352.744536   0.660764
 101  -243352.742895   0.662405
 102  -243352.740837   0.664463
 103  -243352.726722   0.678578
 104  -243352.722557   0.682743
 105  -243352.720641   0.684659
 106  -243352.692139   0.713161
 107  -243352.680982   0.724318
 108  -243352.672784   0.732516
 109  -243352.663518   0.741782
 110  -243352.661762   0.743538
 111  -243352.658991   0.746309
 112  -243352.658307   0.746993
 113  -243352.650407   0.754893
 114  -243352.649945   0.755355
 115  -243352.645793   0.759507
 116  -243352.641216   0.764084
 117  -243352.639898   0.765402
 118  -243352.630769   0.774531
 119  -243352.623413   0.781887
 120  -243352.621558   0.783742
 121  -243352.619834   0.785466
 122  -243352.608003   0.797297
 123  -243352.606754   0.798546
 124  -243352.603989   0.801311
 125  -243352.601936   0.803364
 126  -243352.593804   0.811496
 127  -243352.590680   0.814620
 128  -243352.585868   0.819432
 129  -243352.585798   0.819502
 130  -243352.576820   0.828480
 131  -243352.573904   0.831396
 132  -243352.560798   0.844502
 133  -243352.556435   0.848865
 134  -243352.551855   0.853445
 135  -243352.547503   0.857797
 136  -243352.543474   0.861826
 137  -243352.541581   0.863719
 138  -243352.537346   0.867954
 139  -243352.522570   0.882730
 140  -243352.522077   0.883223
 141  -243352.518917   0.886383
 142  -243352.517782   0.887518
 143  -243352.516021   0.889279
 144  -243352.513892   0.891408
 145  -243352.499120   0.906180
 146  -243352.492500   0.912800
 147  -243352.488970   0.916330
 148  -243352.488154   0.917146
 149  -243352.487663   0.917637
 150  -243352.486030   0.919270
 151  -243352.481309   0.923991
 152  -243352.481092   0.924208
 153  -243352.480046   0.925254
 154  -243352.478342   0.926958
 155  -243352.476920   0.928380
 156  -243352.475627   0.929673
 157  -243352.470407   0.934893
 158  -243352.453489   0.951811
 159  -243352.450722   0.954578
 160  -243352.447730   0.957570
 161  -243352.446978   0.958322
 162  -243352.444093   0.961207
 163  -243352.441378   0.963922
 164  -243352.425459   0.979841
 165  -243352.422618   0.982682
 166  -243352.418920   0.986380
 167  -243352.410395   0.994905
 168  -243352.401317   1.003983
 169  -243352.399250   1.006050
 170  -243352.397141   1.008159
 171  -243352.395725   1.009575
 172  -243352.389293   1.016007
 173  -243352.381453   1.023847
 174  -243352.371765   1.033535
 175  -243352.368267   1.037033
 176  -243352.357973   1.047327
 177  -243352.352872   1.052428
 178  -243352.351084   1.054216
 179  -243352.342136   1.063164
 180  -243352.340470   1.064830
 181  -243352.340368   1.064932
 182  -243352.338700   1.066600
 183  -243352.338560   1.066740
 184  -243352.335827   1.069473
 185  -243352.335659   1.069641
 186  -243352.333197   1.072103
 187  -243352.313689   1.091611
 188  -243352.303605   1.101695
 189  -243352.302618   1.102682
 190  -243352.296130   1.109170
 191  -243352.290242   1.115058
 192  -243352.287973   1.117327
 193  -243352.287236   1.118064
 194  -243352.279919   1.125381
 195  -243352.279234   1.126066
 196  -243352.274498   1.130802
 197  -243352.272240   1.133060
 198  -243352.259826   1.145474
 199  -243352.256392   1.148908
 200  -243352.254372   1.150928
 201  -243352.249114   1.156186
 202  -243352.248563   1.156737
 203  -243352.247277   1.158023
 204  -243352.246558   1.158742
 205  -243352.240136   1.165164
 206  -243352.238860   1.166440
 207  -243352.238565   1.166735
 208  -243352.234894   1.170406
 209  -243352.233504   1.171796
 210  -243352.230397   1.174903
 211  -243352.229480   1.175820
 212  -243352.228246   1.177054
 213  -243352.227968   1.177332
 214  -243352.226413   1.178887
 215  -243352.217172   1.188128
 216  -243352.216603   1.188697
 217  -243352.215523   1.189777
 218  -243352.211628   1.193672
 219  -243352.207940   1.197360
 220  -243352.205873   1.199427
 221  -243352.205326   1.199974
 222  -243352.200928   1.204372
 223  -243352.200018   1.205282
 224  -243352.199650   1.205650
 225  -243352.196175   1.209125
 226  -243352.188430   1.216870
 227  -243352.187474   1.217826
 228  -243352.185327   1.219973
 229  -243352.177737   1.227563
 230  -243352.175001   1.230299
 231  -243352.174803   1.230497
 232  -243352.171668   1.233632
 233  -243352.171227   1.234073
 234  -243352.171003   1.234297
 235  -243352.170796   1.234504
 236  -243352.170588   1.234712
 237  -243352.164668   1.240632
 238  -243352.162763   1.242537
 239  -243352.153732   1.251568
 240  -243352.148370   1.256930
 241  -243352.148125   1.257175
 242  -243352.147693   1.257607
 243  -243352.145244   1.260056
 244  -243352.144897   1.260403
 245  -243352.142839   1.262461
 246  -243352.141814   1.263486
 247  -243352.140179   1.265121
 248  -243352.140172   1.265128
 249  -243352.139842   1.265458
 250  -243352.136723   1.268577
 251  -243352.136669   1.268631
 252  -243352.136660   1.268640
 253  -243352.135229   1.270071
 254  -243352.135074   1.270226
 255  -243352.134248   1.271052
 256  -243352.133446   1.271854
 257  -243352.133438   1.271862
 258  -243352.131913   1.273387
 259  -243352.130425   1.274875
 260  -243352.130104   1.275196
 261  -243352.128733   1.276567
 262  -243352.128693   1.276607
 263  -243352.127936   1.277364
 264  -243352.125824   1.279476
 265  -243352.123943   1.281357
 266  -243352.123488   1.281812
 267  -243352.121297   1.284003
 268  -243352.120864   1.284436
 269  -243352.120766   1.284534
 270  -243352.119826   1.285474
 271  -243352.113912   1.291388
 272  -243352.112042   1.293258
 273  -243352.107086   1.298214
 274  -243352.106533   1.298767
 275  -243352.101825   1.303475
 276  -243352.100269   1.305031
 277  -243352.098663   1.306637
 278  -243352.098529   1.306771
 279  -243352.098480   1.306820
 280  -243352.098480   1.306820
 281  -243352.097359   1.307941
 282  -243352.096608   1.308692
 283  -243352.094612   1.310688
 284  -243352.087339   1.317961
 285  -243352.087252   1.318048
 286  -243352.086820   1.318480
 287  -243352.086595   1.318705
 288  -243352.085979   1.319321
 289  -243352.082881   1.322419
 290  -243352.079207   1.326093
 291  -243352.078648   1.326652
 292  -243352.076216   1.329084
 293  -243352.075665   1.329635
 294  -243352.074992   1.330308
 295  -243352.072194   1.333106
 296  -243352.071028   1.334272
 297  -243352.069911   1.335389
 298  -243352.069487   1.335813
 299  -243352.068919   1.336381
 300  -243352.066505   1.338795
 301  -243352.063384   1.341916
 302  -243352.061454   1.343846
 303  -243352.057761   1.347539
 304  -243352.057369   1.347931
 305  -243352.052675   1.352625
 306  -243352.052630   1.352670
 307  -243352.051395   1.353905
 308  -243352.047232   1.358068
 309  -243352.046571   1.358729
 310  -243352.045574   1.359726
 311  -243352.044592   1.360708
 312  -243352.043500   1.361800
 313  -243352.043338   1.361962
 314  -243352.043010   1.362290
 315  -243352.041914   1.363386
 316  -243352.041836   1.363464
 317  -243352.041611   1.363689
 318  -243352.041406   1.363894
 319  -243352.040040   1.365260
 320  -243352.039028   1.366272
 321  -243352.036051   1.369249
 322  -243352.035677   1.369623
 323  -243352.033949   1.371351
 324  -243352.032498   1.372802
 325  -243352.031719   1.373581
 326  -243352.030809   1.374491
 327  -243352.030685   1.374615
 328  -243352.030300   1.375000
 329  -243352.028236   1.377064
 330  -243352.024634   1.380666
 331  -243352.019092   1.386208
 332  -243352.018888   1.386412
 333  -243352.017743   1.387557
 334  -243352.017459   1.387841
 335  -243352.016334   1.388966
 336  -243352.014771   1.390529
 337  -243352.014442   1.390858
 338  -243352.013643   1.391657
 339  -243352.009515   1.395785
 340  -243352.009442   1.395858
 341  -243352.009114   1.396186
 342  -243352.008627   1.396673
 343  -243352.007122   1.398178
 344  -243352.006584   1.398716
 345  -243352.006333   1.398967
 346  -243352.005099   1.400201
 347  -243352.004966   1.400334
 348  -243352.004712   1.400588
 349  -243352.001218   1.404082
 350  -243352.000183   1.405117
 351  -243352.000182   1.405118
 352  -243351.998928   1.406372
 353  -243351.996299   1.409001
 354  -243351.995659   1.409641
 355  -243351.992803   1.412497
 356  -243351.992740   1.412560
 357  -243351.987779   1.417521
 358  -243351.987028   1.418272
 359  -243351.984716   1.420584
 360  -243351.984319   1.420981
 361  -243351.983727   1.421573
 362  -243351.983292   1.422008
 363  -243351.982775   1.422525
 364  -243351.982496   1.422804
 365  -243351.982434   1.422866
 366  -243351.980781   1.424519
 367  -243351.980636   1.424664
 368  -243351.979522   1.425778
 369  -243351.978965   1.426335
 370  -243351.978777   1.426523
 371  -243351.976578   1.428722
 372  -243351.976569   1.428731
 373  -243351.975473   1.429827
 374  -243351.974709   1.430591
 375  -243351.973475   1.431825
 376  -243351.972072   1.433228
 377  -243351.971150   1.434150
 378  -243351.970051   1.435249
 379  -243351.966942   1.438358
 380  -243351.965678   1.439622
 381  -243351.963549   1.441751
 382  -243351.962153   1.443147
 383  -243351.955349   1.449951
 384  -243351.954299   1.451001
 385  -243351.951982   1.453318
 386  -243351.949310   1.455990
 387  -243351.948968   1.456332
 388  -243351.947203   1.458097
 389  -243351.946774   1.458526
 390  -243351.944859   1.460441
 391  -243351.943287   1.462013
 392  -243351.942808   1.462492
 393  -243351.942783   1.462517
 394  -243351.942519   1.462781
 395  -243351.942278   1.463022
 396  -243351.941784   1.463516
 397  -243351.941355   1.463945
 398  -243351.940714   1.464586
 399  -243351.939026   1.466274
 400  -243351.938187   1.467113
 401  -243351.936943   1.468357
 402  -243351.935515   1.469785
 403  -243351.935258   1.470042
 404  -243351.934943   1.470357
 405  -243351.933201   1.472099
 406  -243351.933190   1.472110
 407  -243351.930817   1.474483
 408  -243351.929309   1.475991
 409  -243351.928742   1.476558
 410  -243351.928112   1.477188
 411  -243351.925674   1.479626
 412  -243351.925535   1.479765
 413  -243351.922038   1.483262
 414  -243351.921686   1.483614
 415  -243351.921251   1.484049
 416  -243351.915346   1.489954
 417  -243351.908674   1.496626
 418  -243351.908533   1.496767
 419  -243351.905319   1.499981
 420  -243351.902870   1.502430
 421  -243351.901699   1.503601
 422  -243351.900100   1.505200
 423  -243351.898133   1.507167
 424  -243351.898025   1.507275
 425  -243351.896531   1.508769
 426  -243351.896286   1.509014
 427  -243351.893378   1.511922
 428  -243351.893024   1.512276
 429  -243351.891064   1.514236
 430  -243351.888750   1.516550
 431  -243351.888088   1.517212
 432  -243351.887806   1.517494
 433  -243351.882534   1.522766
 434  -243351.882475   1.522825
 435  -243351.881782   1.523518
 436  -243351.879197   1.526103
 437  -243351.877905   1.527395
 438  -243351.877760   1.527540
 439  -243351.876571   1.528729
 440  -243351.875525   1.529775
 441  -243351.873938   1.531362
 442  -243351.873066   1.532234
 443  -243351.867946   1.537354
 444  -243351.864554   1.540746
 445  -243351.861469   1.543831
 446  -243351.858819   1.546481
 447  -243351.857927   1.547373
 448  -243351.853949   1.551351
 449  -243351.851848   1.553452
 450  -243351.848953   1.556347
 451  -243351.848654   1.556646
 452  -243351.848114   1.557186
 453  -243351.848008   1.557292
 454  -243351.845568   1.559732
 455  -243351.844722   1.560578
 456  -243351.840987   1.564313
 457  -243351.834250   1.571050
 458  -243351.831631   1.573669
 459  -243351.829865   1.575435
 460  -243351.826430   1.578870
 461  -243351.824778   1.580522
 462  -243351.823452   1.581848
 463  -243351.822490   1.582810
 464  -243351.819626   1.585674
 465  -243351.819109   1.586191
 466  -243351.816727   1.588573
 467  -243351.811321   1.593979
 468  -243351.807685   1.597615
 469  -243351.806550   1.598750
 470  -243351.806427   1.598873
 471  -243351.804844   1.600456
 472  -243351.803522   1.601778
 473  -243351.799136   1.606164
 474  -243351.796810   1.608490
 475  -243351.796358   1.608942
 476  -243351.796345   1.608955
 477  -243351.790385   1.614915
 478  -243351.787811   1.617489
 479  -243351.787494   1.617806
 480  -243351.779671   1.625629
 481  -243351.775214   1.630086
 482  -243351.769847   1.635453
 483  -243351.767699   1.637601
 484  -243351.761276   1.644024
 485  -243351.755121   1.650179
 486  -243351.754376   1.650924
 487  -243351.751196   1.654104
 488  -243351.748511   1.656789
 489  -243351.745605   1.659695
 490  -243351.743665   1.661635
 491  -243351.742744   1.662556
 492  -243351.742669   1.662631
 493  -243351.741517   1.663783
 494  -243351.741406   1.663894
 495  -243351.737297   1.668003
 496  -243351.732559   1.672741
 497  -243351.731231   1.674069
 498  -243351.728648   1.676652
 499  -243351.727264   1.678036
 500  -243351.723091   1.682209
 501  -243351.722620   1.682680
 502  -243351.722358   1.682942
 503  -243351.719123   1.686177
 504  -243351.714854   1.690446
 505  -243351.713841   1.691459
 506  -243351.710255   1.695045
 507  -243351.706571   1.698729
 508  -243351.702212   1.703088
 509  -243351.700420   1.704880
 510  -243351.700347   1.704953
 511  -243351.697468   1.707832
 512  -243351.690533   1.714767
 513  -243351.688626   1.716674
 514  -243351.684984   1.720316
 515  -243351.683297   1.722003
 516  -243351.682610   1.722690
 517  -243351.680838   1.724462
 518  -243351.678201   1.727099
 519  -243351.674377   1.730923
 520  -243351.673124   1.732176
 521  -243351.672017   1.733283
 522  -243351.667660   1.737640
 523  -243351.656184   1.749116
 524  -243351.655507   1.749793
 525  -243351.647334   1.757966
 526  -243351.647245   1.758055
 527  -243351.647101   1.758199
 528  -243351.640843   1.764457
 529  -243351.638862   1.766438
 530  -243351.637544   1.767756
 531  -243351.628714   1.776586
 532  -243351.625823   1.779477
 533  -243351.594637   1.810663
 534  -243351.592434   1.812866
 535  -243351.583351   1.821949
 536  -243351.582159   1.823141
 537  -243351.578380   1.826920
 538  -243351.575363   1.829937
 539  -243351.567533   1.837767
 540  -243351.563909   1.841391
 541  -243351.551095   1.854205
 542  -243351.550915   1.854385
 543  -243351.550800   1.854500
 544  -243351.545204   1.860096
 545  -243351.544380   1.860920
 546  -243351.543811   1.861489
 547  -243351.543654   1.861646
 548  -243351.538277   1.867023
 549  -243351.537774   1.867526
 550  -243351.535633   1.869667
 551  -243351.535480   1.869820
 552  -243351.521861   1.883439
 553  -243351.519951   1.885349
 554  -243351.514951   1.890349
 555  -243351.513451   1.891849
 556  -243351.508583   1.896717
 557  -243351.501470   1.903830
 558  -243351.498860   1.906440
 559  -243351.491139   1.914161
 560  -243351.481585   1.923715
 561  -243351.470832   1.934468
 562  -243351.470028   1.935272
 563  -243351.458404   1.946896
 564  -243351.451936   1.953364
 565  -243351.451273   1.954027
 566  -243351.446660   1.958640
 567  -243351.433723   1.971577
 568  -243351.432418   1.972882
 569  -243351.425474   1.979826
 570  -243351.424441   1.980859
 571  -243351.422952   1.982348
 572  -243351.415942   1.989358
 573  -243351.404324   2.000976
 574  -243351.391198   2.014102
 575  -243351.389045   2.016255
 576  -243351.387765   2.017535
 577  -243351.382446   2.022854
 578  -243351.380809   2.024491
 579  -243351.360320   2.044980
 580  -243351.353357   2.051943
 581  -243351.327136   2.078164
 582  -243351.321756   2.083544
 583  -243351.314133   2.091167
 584  -243351.302704   2.102596
 585  -243351.295791   2.109509
 586  -243351.283768   2.121532
 587  -243351.282219   2.123081
 588  -243351.279417   2.125883
 589  -243351.279033   2.126267
 590  -243351.278450   2.126850
 591  -243351.270585   2.134715
 592  -243351.256430   2.148870
 593  -243351.256282   2.149018
 594  -243351.244294   2.161006
 595  -243351.242763   2.162537
 596  -243351.238656   2.166644
 597  -243351.237776   2.167524
 598  -243351.237482   2.167818
 599  -243351.231569   2.173731
 600  -243351.231201   2.174099
 601  -243351.220078   2.185222
 602  -243351.205992   2.199308
 603  -243351.193381   2.211919
 604  -243351.185946   2.219354
 605  -243351.180140   2.225160
 606  -243351.177728   2.227572
 607  -243351.172884   2.232416
 608  -243351.159053   2.246247
 609  -243351.156731   2.248569
 610  -243351.141221   2.264079
 611  -243351.122411   2.282889
 612  -243351.114834   2.290466
 613  -243351.099075   2.306225
 614  -243351.080223   2.325077
 615  -243351.075872   2.329428
 616  -243351.071800   2.333500
 617  -243351.063572   2.341728
 618  -243351.023538   2.381762
 619  -243351.019248   2.386052
 620  -243350.983448   2.421852
 621  -243350.964189   2.441111
 622  -243350.964018   2.441282
 623  -243350.948134   2.457166
 624  -243350.944970   2.460330
 625  -243350.880033   2.525267
 626  -243350.861647   2.543653
 627  -243350.824687   2.580613
 628  -243350.821256   2.584044
