# Relative energy hierarchy for Ac-Lysh-NMe conformations
# Calculated with PBE+vdW (tier 2 basis)
# Conf.    Energy./ [eV]     Rel. energy./ [eV]
#
   1  -608358.459282   0.000000
   2  -608358.419446   0.039836
   3  -608358.323237   0.136045
   4  -608358.315116   0.144166
   5  -608358.304782   0.154500
   6  -608358.302137   0.157145
   7  -608358.275203   0.184079
   8  -608358.270843   0.188439
   9  -608358.269971   0.189311
  10  -608358.264908   0.194374
  11  -608358.251362   0.207920
  12  -608358.249355   0.209927
  13  -608358.233728   0.225554
  14  -608358.227496   0.231786
  15  -608358.203663   0.255619
  16  -608358.188063   0.271219
  17  -608358.171803   0.287479
  18  -608358.168183   0.291099
  19  -608358.164673   0.294609
  20  -608358.161120   0.298162
  21  -608358.159422   0.299860
  22  -608358.157798   0.301484
  23  -608358.153175   0.306107
  24  -608358.152486   0.306796
  25  -608358.143090   0.316192
  26  -608358.131371   0.327911
  27  -608358.126404   0.332878
  28  -608358.121850   0.337432
  29  -608358.120910   0.338372
  30  -608358.114517   0.344765
  31  -608358.107649   0.351633
  32  -608358.106978   0.352304
  33  -608358.099487   0.359795
  34  -608358.090386   0.368896
  35  -608358.086644   0.372638
  36  -608358.085877   0.373405
  37  -608358.082706   0.376576
  38  -608358.074815   0.384467
  39  -608358.074633   0.384649
  40  -608358.067975   0.391307
  41  -608358.067108   0.392174
  42  -608358.066070   0.393212
  43  -608358.061646   0.397636
  44  -608358.060204   0.399078
  45  -608358.057104   0.402178
  46  -608358.055910   0.403372
  47  -608358.047367   0.411915
  48  -608358.044267   0.415015
  49  -608358.042391   0.416891
  50  -608358.042150   0.417132
  51  -608358.037667   0.421615
  52  -608358.037514   0.421768
  53  -608358.020675   0.438607
  54  -608358.017691   0.441591
  55  -608358.013645   0.445637
  56  -608358.008119   0.451163
  57  -608358.002447   0.456835
  58  -608358.000120   0.459162
  59  -608357.999283   0.459999
  60  -608357.999149   0.460133
  61  -608357.987946   0.471336
  62  -608357.974623   0.484659
  63  -608357.970180   0.489102
  64  -608357.966198   0.493084
  65  -608357.962324   0.496958
  66  -608357.961934   0.497348
  67  -608357.959261   0.500021
  68  -608357.954833   0.504449
  69  -608357.954083   0.505199
  70  -608357.953088   0.506194
  71  -608357.944437   0.514845
  72  -608357.941670   0.517612
  73  -608357.928160   0.531122
  74  -608357.927973   0.531309
  75  -608357.925758   0.533524
  76  -608357.916765   0.542517
  77  -608357.912460   0.546822
  78  -608357.903542   0.555740
  79  -608357.898913   0.560369
  80  -608357.895658   0.563624
  81  -608357.880948   0.578334
  82  -608357.880419   0.578863
  83  -608357.872372   0.586910
  84  -608357.869380   0.589902
  85  -608357.864175   0.595107
  86  -608357.860416   0.598866
  87  -608357.858593   0.600689
  88  -608357.853538   0.605744
  89  -608357.848512   0.610770
  90  -608357.841769   0.617513
  91  -608357.833394   0.625888
  92  -608357.830993   0.628289
  93  -608357.820950   0.638332
  94  -608357.789641   0.669641
  95  -608357.788217   0.671065
  96  -608357.773706   0.685576
  97  -608357.769672   0.689610
  98  -608357.748781   0.710501
  99  -608357.717522   0.741760
 100  -608357.697336   0.761946
 101  -608357.696917   0.762365
 102  -608357.686087   0.773195
 103  -608357.684333   0.774949
 104  -608357.668269   0.791013
 105  -608357.661358   0.797924
 106  -608357.657670   0.801612
 107  -608357.642879   0.816403
 108  -608357.640387   0.818895
 109  -608357.640051   0.819231
 110  -608357.624496   0.834786
 111  -608357.612728   0.846554
 112  -608357.609378   0.849904
 113  -608357.608838   0.850444
 114  -608357.598875   0.860407
 115  -608357.594969   0.864313
 116  -608357.591975   0.867307
 117  -608357.591215   0.868067
 118  -608357.574868   0.884414
 119  -608357.571287   0.887995
 120  -608357.570331   0.888951
 121  -608357.565476   0.893806
 122  -608357.564899   0.894383
 123  -608357.549161   0.910121
 124  -608357.533390   0.925892
 125  -608357.531326   0.927956
 126  -608357.523908   0.935374
 127  -608357.522719   0.936563
 128  -608357.519391   0.939891
 129  -608357.513299   0.945983
 130  -608357.509327   0.949955
 131  -608357.501162   0.958120
 132  -608357.493716   0.965566
 133  -608357.489798   0.969484
 134  -608357.488834   0.970448
 135  -608357.487834   0.971448
 136  -608357.486025   0.973257
 137  -608357.478796   0.980486
 138  -608357.469317   0.989965
 139  -608357.464007   0.995275
 140  -608357.462581   0.996701
 141  -608357.454526   1.004756
 142  -608357.444525   1.014757
 143  -608357.443110   1.016172
 144  -608357.442134   1.017148
 145  -608357.432715   1.026567
 146  -608357.422873   1.036409
 147  -608357.418357   1.040925
 148  -608357.405963   1.053319
 149  -608357.403801   1.055481
 150  -608357.402931   1.056351
 151  -608357.400382   1.058900
 152  -608357.400133   1.059149
 153  -608357.399252   1.060030
 154  -608357.396574   1.062708
 155  -608357.392820   1.066462
 156  -608357.385754   1.073528
 157  -608357.385039   1.074243
 158  -608357.363947   1.095335
 159  -608357.359415   1.099867
 160  -608357.353674   1.105608
 161  -608357.351388   1.107894
 162  -608357.345535   1.113747
 163  -608357.336231   1.123051
 164  -608357.330494   1.128788
 165  -608357.323291   1.135991
 166  -608357.311745   1.147537
 167  -608357.302517   1.156765
 168  -608357.293131   1.166151
 169  -608357.291125   1.168157
 170  -608357.271051   1.188231
 171  -608357.267210   1.192072
 172  -608357.260835   1.198447
 173  -608357.249100   1.210182
 174  -608357.245961   1.213321
 175  -608357.237539   1.221743
 176  -608357.224633   1.234649
 177  -608357.222576   1.236706
 178  -608357.216343   1.242939
 179  -608357.200916   1.258366
 180  -608357.179873   1.279409
 181  -608357.159606   1.299676
 182  -608357.154808   1.304474
 183  -608357.093333   1.365949
 184  -608357.089421   1.369861
 185  -608357.086965   1.372317
 186  -608357.072142   1.387140
 187  -608357.064799   1.394483
 188  -608357.057761   1.401521
 189  -608357.047655   1.411627
 190  -608357.045247   1.414035
 191  -608357.027304   1.431978
 192  -608357.026881   1.432401
 193  -608357.025287   1.433995
 194  -608357.024910   1.434372
 195  -608357.024518   1.434764
 196  -608357.014704   1.444578
 197  -608357.014579   1.444703
 198  -608357.013203   1.446079
 199  -608357.003900   1.455382
 200  -608356.997074   1.462208
 201  -608356.985006   1.474276
 202  -608356.983072   1.476210
 203  -608356.981911   1.477371
 204  -608356.972070   1.487212
 205  -608356.970915   1.488367
 206  -608356.968317   1.490965
 207  -608356.963744   1.495538
 208  -608356.963723   1.495559
 209  -608356.960524   1.498758
 210  -608356.951565   1.507717
 211  -608356.949422   1.509860
 212  -608356.940079   1.519203
 213  -608356.937795   1.521487
 214  -608356.937055   1.522227
 215  -608356.932801   1.526481
 216  -608356.931816   1.527466
 217  -608356.930976   1.528306
 218  -608356.928257   1.531025
 219  -608356.927167   1.532115
 220  -608356.926839   1.532443
 221  -608356.926194   1.533088
 222  -608356.922913   1.536369
 223  -608356.922370   1.536912
 224  -608356.918373   1.540909
 225  -608356.918237   1.541045
 226  -608356.917008   1.542274
 227  -608356.914820   1.544462
 228  -608356.911904   1.547378
 229  -608356.907729   1.551553
 230  -608356.906418   1.552864
 231  -608356.906222   1.553060
 232  -608356.905757   1.553525
 233  -608356.897021   1.562261
 234  -608356.896744   1.562538
 235  -608356.895450   1.563832
 236  -608356.894033   1.565249
 237  -608356.891077   1.568205
 238  -608356.888903   1.570379
 239  -608356.883469   1.575813
 240  -608356.882904   1.576378
 241  -608356.882766   1.576516
 242  -608356.882323   1.576959
 243  -608356.881439   1.577843
 244  -608356.880167   1.579115
 245  -608356.879988   1.579294
 246  -608356.874506   1.584776
 247  -608356.873516   1.585766
 248  -608356.870183   1.589099
 249  -608356.870129   1.589153
 250  -608356.869315   1.589967
 251  -608356.869216   1.590066
 252  -608356.867826   1.591456
 253  -608356.867590   1.591692
 254  -608356.866245   1.593037
 255  -608356.863060   1.596222
 256  -608356.861577   1.597705
 257  -608356.860664   1.598618
 258  -608356.859789   1.599493
 259  -608356.858431   1.600851
 260  -608356.852102   1.607180
 261  -608356.851489   1.607793
 262  -608356.848912   1.610370
 263  -608356.844337   1.614945
 264  -608356.843942   1.615340
 265  -608356.843570   1.615712
 266  -608356.841890   1.617392
 267  -608356.835189   1.624093
 268  -608356.834567   1.624715
 269  -608356.834325   1.624957
 270  -608356.830104   1.629178
 271  -608356.828931   1.630351
 272  -608356.828037   1.631245
 273  -608356.827129   1.632153
 274  -608356.826452   1.632830
 275  -608356.825934   1.633348
 276  -608356.825740   1.633542
 277  -608356.824697   1.634585
 278  -608356.823739   1.635543
 279  -608356.822492   1.636790
 280  -608356.820976   1.638306
 281  -608356.817813   1.641469
 282  -608356.816956   1.642326
 283  -608356.815890   1.643392
 284  -608356.801144   1.658138
 285  -608356.800703   1.658579
 286  -608356.798916   1.660366
 287  -608356.796903   1.662379
 288  -608356.790213   1.669069
 289  -608356.789306   1.669976
 290  -608356.787997   1.671285
 291  -608356.784428   1.674854
 292  -608356.784282   1.675000
 293  -608356.783896   1.675386
 294  -608356.782886   1.676396
 295  -608356.782099   1.677183
 296  -608356.778695   1.680587
 297  -608356.777649   1.681633
 298  -608356.772347   1.686935
 299  -608356.771982   1.687300
 300  -608356.771981   1.687301
 301  -608356.770918   1.688364
 302  -608356.770769   1.688513
 303  -608356.770088   1.689194
 304  -608356.769600   1.689682
 305  -608356.769223   1.690059
 306  -608356.768338   1.690944
 307  -608356.767530   1.691752
 308  -608356.765206   1.694076
 309  -608356.764343   1.694939
 310  -608356.763426   1.695856
 311  -608356.760069   1.699213
 312  -608356.757663   1.701619
 313  -608356.757519   1.701763
 314  -608356.756059   1.703223
 315  -608356.753758   1.705524
 316  -608356.749608   1.709674
 317  -608356.749488   1.709794
 318  -608356.749150   1.710132
 319  -608356.748223   1.711059
 320  -608356.746891   1.712391
 321  -608356.746568   1.712714
 322  -608356.746482   1.712800
 323  -608356.745496   1.713786
 324  -608356.744666   1.714616
 325  -608356.739408   1.719874
 326  -608356.738613   1.720669
 327  -608356.737866   1.721416
 328  -608356.735531   1.723751
 329  -608356.735272   1.724010
 330  -608356.734560   1.724722
 331  -608356.732323   1.726959
 332  -608356.731850   1.727432
 333  -608356.728969   1.730313
 334  -608356.726435   1.732847
 335  -608356.725985   1.733297
 336  -608356.725655   1.733627
 337  -608356.725355   1.733927
 338  -608356.724850   1.734432
 339  -608356.722155   1.737127
 340  -608356.721535   1.737747
 341  -608356.721274   1.738008
 342  -608356.719272   1.740010
 343  -608356.717444   1.741838
 344  -608356.716465   1.742817
 345  -608356.716161   1.743121
 346  -608356.714670   1.744612
 347  -608356.712500   1.746782
 348  -608356.710451   1.748831
 349  -608356.705053   1.754229
 350  -608356.704222   1.755060
 351  -608356.703457   1.755825
 352  -608356.702180   1.757102
 353  -608356.702148   1.757134
 354  -608356.701886   1.757396
 355  -608356.694903   1.764379
 356  -608356.693166   1.766116
 357  -608356.693004   1.766278
 358  -608356.690289   1.768993
 359  -608356.689567   1.769715
 360  -608356.689003   1.770279
 361  -608356.687311   1.771971
 362  -608356.685742   1.773540
 363  -608356.683662   1.775620
 364  -608356.683070   1.776212
 365  -608356.682664   1.776618
 366  -608356.682513   1.776769
 367  -608356.675165   1.784117
 368  -608356.674301   1.784981
 369  -608356.667181   1.792101
 370  -608356.666154   1.793128
 371  -608356.660188   1.799094
 372  -608356.657510   1.801772
 373  -608356.657005   1.802277
 374  -608356.656379   1.802903
 375  -608356.656335   1.802947
 376  -608356.656305   1.802977
 377  -608356.654151   1.805131
 378  -608356.652556   1.806726
 379  -608356.649050   1.810232
 380  -608356.646008   1.813274
 381  -608356.641282   1.818000
 382  -608356.639992   1.819290
 383  -608356.637517   1.821765
 384  -608356.635518   1.823764
 385  -608356.630975   1.828307
 386  -608356.628504   1.830778
 387  -608356.627644   1.831638
 388  -608356.625129   1.834153
 389  -608356.623287   1.835995
 390  -608356.623251   1.836031
 391  -608356.619473   1.839809
 392  -608356.619337   1.839945
 393  -608356.618313   1.840969
 394  -608356.617183   1.842099
 395  -608356.616264   1.843018
 396  -608356.615437   1.843845
 397  -608356.614218   1.845064
 398  -608356.613432   1.845850
 399  -608356.608229   1.851053
 400  -608356.606776   1.852506
 401  -608356.604530   1.854752
 402  -608356.602380   1.856902
 403  -608356.600826   1.858456
 404  -608356.597246   1.862036
 405  -608356.597000   1.862282
 406  -608356.595676   1.863606
 407  -608356.595493   1.863789
 408  -608356.594727   1.864555
 409  -608356.594069   1.865213
 410  -608356.592969   1.866313
 411  -608356.592503   1.866779
 412  -608356.591622   1.867660
 413  -608356.590223   1.869059
 414  -608356.583159   1.876123
 415  -608356.582641   1.876641
 416  -608356.580071   1.879211
 417  -608356.571894   1.887388
 418  -608356.571197   1.888085
 419  -608356.564225   1.895057
 420  -608356.563516   1.895766
 421  -608356.562958   1.896324
 422  -608356.559165   1.900117
 423  -608356.558650   1.900632
 424  -608356.558125   1.901157
 425  -608356.558023   1.901259
 426  -608356.555291   1.903991
 427  -608356.546743   1.912539
 428  -608356.546282   1.913000
 429  -608356.545875   1.913407
 430  -608356.544739   1.914543
 431  -608356.543150   1.916132
 432  -608356.541554   1.917728
 433  -608356.536243   1.923039
 434  -608356.526445   1.932837
 435  -608356.524201   1.935081
 436  -608356.522766   1.936516
 437  -608356.519926   1.939356
 438  -608356.516082   1.943200
 439  -608356.514186   1.945096
 440  -608356.512838   1.946444
 441  -608356.512639   1.946643
 442  -608356.508171   1.951111
 443  -608356.507154   1.952128
 444  -608356.507033   1.952249
 445  -608356.506696   1.952586
 446  -608356.505819   1.953463
 447  -608356.505078   1.954204
 448  -608356.504205   1.955077
 449  -608356.503448   1.955834
 450  -608356.498155   1.961127
 451  -608356.489662   1.969620
 452  -608356.488919   1.970363
 453  -608356.488914   1.970368
 454  -608356.488016   1.971266
 455  -608356.482539   1.976743
 456  -608356.481172   1.978110
 457  -608356.472705   1.986577
 458  -608356.472252   1.987030
 459  -608356.472064   1.987218
 460  -608356.471611   1.987671
 461  -608356.463153   1.996129
 462  -608356.461972   1.997310
 463  -608356.442864   2.016418
 464  -608356.441467   2.017815
 465  -608356.440688   2.018594
 466  -608356.436694   2.022588
 467  -608356.436533   2.022749
 468  -608356.435153   2.024129
 469  -608356.432925   2.026357
 470  -608356.431062   2.028220
 471  -608356.427286   2.031996
 472  -608356.421839   2.037443
 473  -608356.416421   2.042861
 474  -608356.413343   2.045939
 475  -608356.408086   2.051196
 476  -608356.399230   2.060052
 477  -608356.397849   2.061433
 478  -608356.397539   2.061743
 479  -608356.397486   2.061796
 480  -608356.396677   2.062605
 481  -608356.396068   2.063214
 482  -608356.393504   2.065778
 483  -608356.392275   2.067007
 484  -608356.388012   2.071270
 485  -608356.386759   2.072523
 486  -608356.383365   2.075917
 487  -608356.382473   2.076809
 488  -608356.375673   2.083609
 489  -608356.373439   2.085843
 490  -608356.373413   2.085869
 491  -608356.363457   2.095825
 492  -608356.363220   2.096062
 493  -608356.361182   2.098100
 494  -608356.352898   2.106384
 495  -608356.349138   2.110144
 496  -608356.339848   2.119434
 497  -608356.339699   2.119583
 498  -608356.336320   2.122962
 499  -608356.335961   2.123321
 500  -608356.327365   2.131917
 501  -608356.324285   2.134997
 502  -608356.323252   2.136030
 503  -608356.320886   2.138396
 504  -608356.318055   2.141227
 505  -608356.314854   2.144428
 506  -608356.313681   2.145601
 507  -608356.312279   2.147003
 508  -608356.304202   2.155080
 509  -608356.302830   2.156452
 510  -608356.301882   2.157400
 511  -608356.294870   2.164412
 512  -608356.288763   2.170519
 513  -608356.287639   2.171643
 514  -608356.283552   2.175730
 515  -608356.279614   2.179668
 516  -608356.276575   2.182707
 517  -608356.275575   2.183707
 518  -608356.273478   2.185804
 519  -608356.272147   2.187135
 520  -608356.268731   2.190551
 521  -608356.266522   2.192760
 522  -608356.265541   2.193741
 523  -608356.264097   2.195185
 524  -608356.255912   2.203370
 525  -608356.247224   2.212058
 526  -608356.246903   2.212379
 527  -608356.245748   2.213534
 528  -608356.241622   2.217660
 529  -608356.237104   2.222178
 530  -608356.236546   2.222736
 531  -608356.233665   2.225617
 532  -608356.232941   2.226341
 533  -608356.230184   2.229098
 534  -608356.228041   2.231241
 535  -608356.224424   2.234858
 536  -608356.219531   2.239751
 537  -608356.208993   2.250289
 538  -608356.201063   2.258219
 539  -608356.197619   2.261663
 540  -608356.191877   2.267405
 541  -608356.184310   2.274972
 542  -608356.184065   2.275217
 543  -608356.180816   2.278466
 544  -608356.158007   2.301275
 545  -608356.153614   2.305668
 546  -608356.146693   2.312589
 547  -608356.143562   2.315720
 548  -608356.134761   2.324521
 549  -608356.123075   2.336207
 550  -608356.119436   2.339846
 551  -608356.117254   2.342028
 552  -608356.108461   2.350821
 553  -608356.098909   2.360373
 554  -608356.096963   2.362319
 555  -608356.089846   2.369436
 556  -608356.089405   2.369877
 557  -608356.084323   2.374959
 558  -608356.083148   2.376134
 559  -608356.076309   2.382973
 560  -608356.074274   2.385008
 561  -608356.068307   2.390975
 562  -608356.045217   2.414065
 563  -608356.034452   2.424830
 564  -608356.024975   2.434307
 565  -608356.021814   2.437468
 566  -608356.014269   2.445013
 567  -608356.012748   2.446534
 568  -608356.007109   2.452173
 569  -608356.004074   2.455208
 570  -608356.003804   2.455478
 571  -608356.002632   2.456650
 572  -608355.990713   2.468569
 573  -608355.989433   2.469849
 574  -608355.984587   2.474695
 575  -608355.965952   2.493330
 576  -608355.952502   2.506780
 577  -608355.949861   2.509421
 578  -608355.947579   2.511703
 579  -608355.945670   2.513612
 580  -608355.944757   2.514525
 581  -608355.937456   2.521826
 582  -608355.908550   2.550732
 583  -608355.898321   2.560961
 584  -608355.888609   2.570673
 585  -608355.883575   2.575707
 586  -608355.877227   2.582055
 587  -608355.871221   2.588061
 588  -608355.860167   2.599115
 589  -608355.843914   2.615368
 590  -608355.840565   2.618717
 591  -608355.834638   2.624644
 592  -608355.828528   2.630754
 593  -608355.827369   2.631913
 594  -608355.818284   2.640998
 595  -608355.815275   2.644007
 596  -608355.811226   2.648056
 597  -608355.803439   2.655843
 598  -608355.801553   2.657729
 599  -608355.800861   2.658421
 600  -608355.778776   2.680506
 601  -608355.775852   2.683430
 602  -608355.768180   2.691102
 603  -608355.763306   2.695976
 604  -608355.758598   2.700684
 605  -608355.752628   2.706654
 606  -608355.736889   2.722393
 607  -608355.723343   2.735939
 608  -608355.712182   2.747100
 609  -608355.681320   2.777962
 610  -608355.668685   2.790597
 611  -608355.630806   2.828476
 612  -608355.593825   2.865457
 613  -608355.561764   2.897518
 614  -608355.527058   2.932224
 615  -608355.521949   2.937333
 616  -608355.507173   2.952109
