# Relative energy hierarchy for Lys conformations
# Calculated with PBE+vdW (tier 2 basis)
# Conf.    Energy./ [eV]     Rel. energy./ [eV]
#
   1  -32071.890639   0.000000
   2  -32071.8293144   0.061325
   3  -32071.827413   0.063226
   4  -32071.8255733   0.065066
   5  -32071.8185044   0.072135
   6  -32071.8177814   0.072858
   7  -32071.8176823   0.072957
   8  -32071.8012343   0.089405
   9  -32071.7445151   0.146124
  10  -32071.7252739   0.165365
  11  -32071.7241123   0.166527
  12  -32071.7147479   0.175891
  13  -32071.7117045   0.178934
  14  -32071.7082988   0.182340
  15  -32071.7081076   0.182531
  16  -32071.6917497   0.198889
  17  -32071.6822017   0.208437
  18  -32071.6720657   0.218573
  19  -32071.6629207   0.227718
  20  -32071.6561363   0.234503
  21  -32071.640763   0.249876
  22  -32071.6273214   0.263318
  23  -32071.6256029   0.265036
  24  -32071.6206488   0.269990
  25  -32071.6204825   0.270157
  26  -32071.6201078   0.270531
  27  -32071.5715281   0.319111
  28  -32071.5428786   0.347760
  29  -32071.5378574   0.352782
  30  -32071.5378275   0.352812
  31  -32071.5346915   0.355948
  32  -32071.5345111   0.356128
  33  -32071.52274   0.367899
  34  -32071.5092625   0.381377
  35  -32071.5044409   0.386198
  36  -32071.5024833   0.388156
  37  -32071.49579   0.394849
  38  -32071.4887298   0.401909
  39  -32071.4849896   0.405649
  40  -32071.4843992   0.406240
  41  -32071.4835636   0.407075
  42  -32071.4779594   0.412680
  43  -32071.4725409   0.418098
  44  -32071.4527274   0.437912
  45  -32071.4506516   0.439987
  46  -32071.4456295   0.445009
  47  -32071.4443883   0.446251
  48  -32071.4403283   0.450311
  49  -32071.4376195   0.453020
  50  -32071.4341185   0.456520
  51  -32071.428128   0.462511
  52  -32071.4205645   0.470075
  53  -32071.4204122   0.470227
  54  -32071.4096345   0.481005
  55  -32071.4018834   0.488756
  56  -32071.4005055   0.490133
  57  -32071.3991595   0.491480
  58  -32071.388974   0.501665
  59  -32071.3855241   0.505115
  60  -32071.3762714   0.514368
  61  -32071.3752822   0.515357
  62  -32071.3742239   0.516415
  63  -32071.3733337   0.517305
  64  -32071.3732966   0.517342
  65  -32071.3665785   0.524060
  66  -32071.3627772   0.527862
  67  -32071.3620878   0.528551
  68  -32071.3619507   0.528688
  69  -32071.3595436   0.531095
  70  -32071.3529911   0.537648
  71  -32071.3519938   0.538645
  72  -32071.3510512   0.539588
  73  -32071.3450451   0.545594
  74  -32071.3437063   0.546933
  75  -32071.3437031   0.546936
  76  -32071.3379139   0.552725
  77  -32071.3148217   0.575817
  78  -32071.3078387   0.582800
  79  -32071.3067831   0.583856
  80  -32071.3044923   0.586147
  81  -32071.298196   0.592443
  82  -32071.2961979   0.594441
  83  -32071.2954958   0.595143
  84  -32071.2938836   0.596755
  85  -32071.2908131   0.599826
  86  -32071.289433   0.601206
  87  -32071.2873454   0.603294
  88  -32071.2872774   0.603362
  89  -32071.2846157   0.606023
  90  -32071.2702412   0.620398
  91  -32071.2698207   0.620818
  92  -32071.2627255   0.627914
  93  -32071.2620924   0.628547
  94  -32071.2617739   0.628865
  95  -32071.2611234   0.629516
  96  -32071.2606568   0.629982
  97  -32071.2592635   0.631376
  98  -32071.2538482   0.636791
  99  -32071.2491946   0.641444
 100  -32071.219884   0.670755
 101  -32071.2043815   0.686258
 102  -32071.2002829   0.690356
 103  -32071.2000689   0.690570
 104  -32071.1985999   0.692039
 105  -32071.181397   0.709242
 106  -32071.1808345   0.709805
 107  -32071.1495964   0.741043
 108  -32071.1179323   0.772707
 109  -32070.5937194   1.296920
 110  -32070.5506655   1.339974
 111  -32070.543946   1.346693
 112  -32070.5436063   1.347033
 113  -32070.527541   1.363098
 114  -32070.4989163   1.391723
 115  -32070.4981315   1.392508
 116  -32070.4702387   1.420400
 117  -32070.4545018   1.436137
 118  -32070.4481074   1.442532
 119  -32070.4385003   1.452139
 120  -32070.425393   1.465246
 121  -32070.4137829   1.476856
 122  -32070.4131278   1.477511
 123  -32070.4129563   1.477683
 124  -32070.399818   1.490821
 125  -32070.3846974   1.505942
 126  -32070.3727955   1.517844
 127  -32070.3726371   1.518002
 128  -32070.3720397   1.518599
 129  -32070.3631968   1.527442
 130  -32070.3606415   1.529998
 131  -32070.350297   1.540342
 132  -32070.3345161   1.556123
 133  -32070.3013975   1.589242
 134  -32070.2813884   1.609251
 135  -32070.2655416   1.625097
 136  -32070.1874396   1.703199
 137  -32070.1872167   1.703422
 138  -32070.1514251   1.739214
 139  -32070.1275191   1.763120
 140  -32069.983637   1.907002
 141  -32069.9672629   1.923376
 142  -32069.9130726   1.977566
 143  -32069.9130187   1.977620
 144  -32069.8854115   2.005228
 145  -32069.8562535   2.034386
 146  -32069.8550105   2.035629
 147  -32069.8528201   2.037819
 148  -32069.852273   2.038366
 149  -32069.8422385   2.048400
 150  -32069.8403099   2.050329
 151  -32069.8344278   2.056211
 152  -32069.8311818   2.059457
 153  -32069.8223181   2.068321
 154  -32069.8061742   2.084465
 155  -32069.7987478   2.091891
 156  -32069.798129   2.092510
 157  -32069.782176   2.108463
 158  -32069.7571579   2.133481
 159  -32069.7564461   2.134193
 160  -32069.7554068   2.135232
 161  -32069.7506636   2.139975
 162  -32069.7478469   2.142792
 163  -32069.7477229   2.142916
 164  -32069.7425566   2.148082
 165  -32069.7344424   2.156197
 166  -32069.7246511   2.165988
 167  -32069.7242518   2.166387
 168  -32069.7189735   2.171666
 169  -32069.718127   2.172512
 170  -32069.7052231   2.185416
 171  -32069.697707   2.192932
 172  -32069.6940672   2.196572
 173  -32069.6908417   2.199797
 174  -32069.6901817   2.200457
 175  -32069.6871933   2.203446
 176  -32069.6853844   2.205255
 177  -32069.6807303   2.209909
 178  -32069.6744696   2.216169
 179  -32069.6714019   2.219237
 180  -32069.1351962   2.755443
 181  -32069.0616896   2.828949
 182  -32068.9314839   2.959155
 183  -32068.9224775   2.968162
 184  -32068.8690354   3.021604
 185  -32068.8561086   3.034530
 186  -32068.8461861   3.044453
 187  -32068.8412316   3.049407
 188  -32068.8125196   3.078119
