# Relative energy hierarchy for Ac-Cys-NMe conformations
# Calculated with PBE+vdW (tier 2 basis)
# Conf.    Energy./ [eV]     Rel. energy./ [eV]
#
   1  -24373.4429631   0.000000
   2  -24373.3761457   0.066817
   3  -24373.3318134   0.111150
   4  -24373.3288219   0.114141
   5  -24373.3230214   0.119942
   6  -24373.3215502   0.121413
   7  -24373.2869342   0.156029
   8  -24373.2797236   0.163239
   9  -24373.2751936   0.167769
  10  -24373.2732991   0.169664
  11  -24373.2675893   0.175374
  12  -24373.2645228   0.178440
  13  -24373.2571512   0.185812
  14  -24373.2301637   0.212799
  15  -24373.2093733   0.233590
  16  -24373.2057029   0.237260
  17  -24373.2009588   0.242004
  18  -24373.189025   0.253938
  19  -24373.1845361   0.258427
  20  -24373.1835881   0.259375
  21  -24373.1808338   0.262129
  22  -24373.1796396   0.263323
  23  -24373.1786062   0.264357
  24  -24373.1760773   0.266886
  25  -24373.1740332   0.268930
  26  -24373.1708896   0.272074
  27  -24373.1651924   0.277771
  28  -24373.1632115   0.279752
  29  -24373.1623357   0.280627
  30  -24373.1493505   0.293613
  31  -24373.1464542   0.296509
  32  -24373.1436009   0.299362
  33  -24373.1385928   0.304370
  34  -24373.1269823   0.315981
  35  -24373.1261842   0.316779
  36  -24373.1200256   0.322937
  37  -24373.1188677   0.324095
  38  -24373.1137489   0.329214
  39  -24373.112064   0.330899
  40  -24373.1113187   0.331644
  41  -24373.1077727   0.335190
  42  -24373.1053318   0.337631
  43  -24373.099013   0.343950
  44  -24373.096255   0.346708
  45  -24373.0960948   0.346868
  46  -24373.0952964   0.347667
  47  -24373.0839171   0.359046
  48  -24373.0710746   0.371888
  49  -24373.0701662   0.372797
  50  -24373.0610875   0.381876
  51  -24373.0564873   0.386476
  52  -24373.0524932   0.390470
  53  -24373.0422124   0.400751
  54  -24373.0419312   0.401032
  55  -24373.039616   0.403347
  56  -24373.0288763   0.414087
  57  -24373.0213875   0.421576
  58  -24373.0200021   0.422961
  59  -24373.0192741   0.423689
  60  -24373.0186004   0.424363
  61  -24373.0175853   0.425378
  62  -24373.0131277   0.429835
  63  -24372.9988154   0.444148
  64  -24372.9944644   0.448499
  65  -24372.9866384   0.456325
  66  -24372.9846325   0.458331
  67  -24372.9743518   0.468611
  68  -24372.9727568   0.470206
  69  -24372.9705193   0.472444
  70  -24372.9688292   0.474134
  71  -24372.9683789   0.474584
  72  -24372.963751   0.479212
  73  -24372.9620221   0.480941
  74  -24372.954925   0.488038
  75  -24372.9538552   0.489108
  76  -24372.9514574   0.491506
  77  -24372.945112   0.497851
  78  -24372.944161   0.498802
  79  -24372.942298   0.500665
  80  -24372.9397854   0.503178
  81  -24372.9370692   0.505894
  82  -24372.9360584   0.506905
  83  -24372.9336918   0.509271
  84  -24372.9296883   0.513275
  85  -24372.9288298   0.514133
  86  -24372.9280051   0.514958
  87  -24372.9267489   0.516214
  88  -24372.9246136   0.518349
  89  -24372.9229372   0.520026
  90  -24372.9186569   0.524306
  91  -24372.9170194   0.525944
  92  -24372.9160207   0.526942
  93  -24372.9077244   0.535239
  94  -24372.9044145   0.538549
  95  -24372.8980202   0.544943
  96  -24372.8926839   0.550279
  97  -24372.8832392   0.559724
  98  -24372.8810312   0.561932
  99  -24372.8790677   0.563895
 100  -24372.8782025   0.564761
 101  -24372.8719003   0.571063
 102  -24372.8714413   0.571522
 103  -24372.8683041   0.574659
 104  -24372.8653867   0.577576
 105  -24372.8571224   0.585841
 106  -24372.8562716   0.586691
 107  -24372.8547046   0.588258
 108  -24372.8529199   0.590043
 109  -24372.846335   0.596628
 110  -24372.8422046   0.600758
 111  -24372.841633   0.601330
 112  -24372.8402834   0.602680
 113  -24372.8382462   0.604717
 114  -24372.8354692   0.607494
 115  -24372.8326253   0.610338
 116  -24372.829339   0.613624
 117  -24372.8270767   0.615886
 118  -24372.8264213   0.616542
 119  -24372.8249204   0.618043
 120  -24372.8218333   0.621130
 121  -24372.8201963   0.622767
 122  -24372.8118721   0.631091
 123  -24372.811771   0.631192
 124  -24372.8075361   0.635427
 125  -24372.8073193   0.635644
 126  -24372.7892347   0.653728
 127  -24372.7749924   0.667971
 128  -24372.7727206   0.670242
 129  -24372.7529218   0.690041
 130  -24372.745905   0.697058
 131  -24372.7403593   0.702604
 132  -24372.7314835   0.711480
 133  -24372.6956177   0.747345
 134  -24372.6701364   0.772827
 135  -24372.6183804   0.824583
 136  -24372.6169328   0.826030
 137  -24372.6150848   0.827878
 138  -24372.5866002   0.856363
 139  -24372.5667286   0.876234
 140  -24372.5553325   0.887631
 141  -24372.5516811   0.891282
 142  -24372.5481843   0.894779
 143  -24372.5300705   0.912893
 144  -24372.5285622   0.914401
 145  -24372.5256524   0.917311
 146  -24372.5054906   0.937472
 147  -24372.4760678   0.966895
 148  -24372.4710295   0.971934
 149  -24372.4608296   0.982133
 150  -24372.4434112   0.999552
 151  -24372.4267687   1.016194
 152  -24372.4244245   1.018539
 153  -24372.4209637   1.021999
 154  -24372.4182763   1.024687
 155  -24372.4104072   1.032556
 156  -24372.373907   1.069056
 157  -24372.3708541   1.072109
 158  -24372.3671789   1.075784
 159  -24372.3630886   1.079874
 160  -24372.3620471   1.080916
 161  -24372.3551218   1.087841
 162  -24372.3546638   1.088299
 163  -24372.3525075   1.090456
 164  -24372.3432248   1.099738
 165  -24372.340965   1.101998
 166  -24372.3374081   1.105555
 167  -24372.3330174   1.109946
 168  -24372.3295025   1.113461
 169  -24372.318326   1.124637
 170  -24372.3153417   1.127621
 171  -24372.3142144   1.128749
 172  -24372.3122016   1.130761
 173  -24372.3087832   1.134180
 174  -24372.3079918   1.134971
 175  -24372.301534   1.141429
 176  -24372.2958101   1.147153
 177  -24372.2932847   1.149678
 178  -24372.293188   1.149775
 179  -24372.2914384   1.151525
 180  -24372.2913898   1.151573
 181  -24372.2893935   1.153570
 182  -24372.2835673   1.159396
 183  -24372.2828554   1.160108
 184  -24372.2810579   1.161905
 185  -24372.2774483   1.165515
 186  -24372.2773638   1.165599
 187  -24372.2760135   1.166950
 188  -24372.2696247   1.173338
 189  -24372.2688104   1.174153
 190  -24372.2655931   1.177370
 191  -24372.2623334   1.180630
 192  -24372.2622944   1.180669
 193  -24372.2598806   1.183082
 194  -24372.2569422   1.186021
 195  -24372.2566746   1.186288
 196  -24372.2534257   1.189537
 197  -24372.2517908   1.191172
 198  -24372.2501716   1.192791
 199  -24372.2450145   1.197949
 200  -24372.2444538   1.198509
 201  -24372.24417   1.198793
 202  -24372.2424647   1.200498
 203  -24372.2400253   1.202938
 204  -24372.2391517   1.203811
 205  -24372.2389441   1.204019
 206  -24372.2339213   1.209042
 207  -24372.2276516   1.215312
 208  -24372.2252871   1.217676
 209  -24372.2239107   1.219052
 210  -24372.2235353   1.219428
 211  -24372.2234623   1.219501
 212  -24372.2202884   1.222675
 213  -24372.2181432   1.224820
 214  -24372.2180636   1.224899
 215  -24372.216374   1.226589
 216  -24372.2158831   1.227080
 217  -24372.2150195   1.227944
 218  -24372.2147643   1.228199
 219  -24372.2142035   1.228760
 220  -24372.2093523   1.233611
 221  -24372.2048424   1.238121
 222  -24372.2030723   1.239891
 223  -24372.2007859   1.242177
 224  -24372.196591   1.246372
 225  -24372.1950307   1.247932
 226  -24372.1865172   1.256446
 227  -24372.1773822   1.265581
 228  -24372.1736598   1.269303
 229  -24372.1708363   1.272127
 230  -24372.1689692   1.273994
 231  -24372.1675494   1.275414
 232  -24372.1630944   1.279869
 233  -24372.162822   1.280141
 234  -24372.1542904   1.288673
 235  -24372.152807   1.290156
 236  -24372.1527983   1.290165
 237  -24372.1501513   1.292812
 238  -24372.1481847   1.294778
 239  -24372.1444968   1.298466
 240  -24372.1376579   1.305305
 241  -24372.1313567   1.311606
 242  -24372.1293166   1.313646
 243  -24372.1292477   1.313715
 244  -24372.1197721   1.323191
 245  -24372.1172495   1.325714
 246  -24372.1121978   1.330765
 247  -24372.1098451   1.333118
 248  -24372.0959242   1.347039
 249  -24372.0876142   1.355349
 250  -24372.0822002   1.360763
 251  -24372.0749115   1.368052
 252  -24372.0421187   1.400844
 253  -24371.9993449   1.443618
