# Relative energy hierarchy for Ac-Arg-NMe conformations
# Calculated with PBE+vdW (tier 2 basis)
# Conf.    Energy./ [eV]     Rel. energy./ [eV]
#
   1  -611335.90979   0.000000
   2  -611335.859011   0.050779
   3  -611335.834992   0.074798
   4  -611335.829439   0.080351
   5  -611335.820855   0.088935
   6  -611335.791819   0.117971
   7  -611335.780762   0.129028
   8  -611335.777109   0.132681
   9  -611335.767381   0.142409
  10  -611335.758211   0.151579
  11  -611335.757211   0.152579
  12  -611335.752807   0.156983
  13  -611335.746803   0.162987
  14  -611335.744512   0.165278
  15  -611335.739164   0.170626
  16  -611335.727652   0.182138
  17  -611335.725717   0.184073
  18  -611335.724417   0.185373
  19  -611335.720996   0.188794
  20  -611335.720849   0.188941
  21  -611335.720105   0.189685
  22  -611335.715948   0.193842
  23  -611335.715406   0.194384
  24  -611335.702371   0.207419
  25  -611335.693664   0.216126
  26  -611335.688032   0.221758
  27  -611335.681355   0.228435
  28  -611335.668207   0.241583
  29  -611335.667905   0.241885
  30  -611335.66059   0.249200
  31  -611335.658692   0.251098
  32  -611335.655356   0.254434
  33  -611335.645255   0.264535
  34  -611335.645097   0.264693
  35  -611335.639957   0.269833
  36  -611335.637209   0.272581
  37  -611335.636716   0.273074
  38  -611335.634043   0.275747
  39  -611335.633211   0.276579
  40  -611335.627424   0.282366
  41  -611335.627134   0.282656
  42  -611335.624936   0.284854
  43  -611335.623446   0.286344
  44  -611335.622965   0.286825
  45  -611335.62165   0.288140
  46  -611335.621344   0.288446
  47  -611335.619948   0.289842
  48  -611335.617963   0.291827
  49  -611335.615921   0.293869
  50  -611335.615303   0.294487
  51  -611335.613129   0.296661
  52  -611335.60853   0.301260
  53  -611335.600881   0.308909
  54  -611335.599228   0.310562
  55  -611335.598648   0.311142
  56  -611335.59765   0.312140
  57  -611335.594836   0.314954
  58  -611335.591278   0.318512
  59  -611335.585349   0.324441
  60  -611335.578676   0.331114
  61  -611335.576877   0.332913
  62  -611335.575188   0.334602
  63  -611335.571447   0.338343
  64  -611335.570259   0.339531
  65  -611335.568417   0.341373
  66  -611335.557843   0.351947
  67  -611335.556727   0.353063
  68  -611335.540557   0.369233
  69  -611335.527598   0.382192
  70  -611335.524349   0.385441
  71  -611335.51991   0.389880
  72  -611335.515936   0.393854
  73  -611335.515581   0.394209
  74  -611335.513969   0.395821
  75  -611335.513395   0.396395
  76  -611335.506289   0.403501
  77  -611335.504765   0.405025
  78  -611335.499481   0.410309
  79  -611335.499173   0.410617
  80  -611335.49885   0.410940
  81  -611335.49438   0.415410
  82  -611335.493971   0.415819
  83  -611335.492112   0.417678
  84  -611335.490626   0.419164
  85  -611335.483609   0.426181
  86  -611335.480885   0.428905
  87  -611335.480694   0.429096
  88  -611335.478557   0.431233
  89  -611335.475296   0.434494
  90  -611335.472861   0.436929
  91  -611335.463006   0.446784
  92  -611335.458841   0.450949
  93  -611335.456425   0.453365
  94  -611335.451083   0.458707
  95  -611335.440191   0.469599
  96  -611335.436714   0.473076
  97  -611335.436075   0.473715
  98  -611335.43178   0.478010
  99  -611335.430538   0.479252
 100  -611335.42616   0.483630
 101  -611335.418069   0.491721
 102  -611335.41028   0.499510
 103  -611335.409753   0.500037
 104  -611335.407286   0.502504
 105  -611335.406523   0.503267
 106  -611335.397028   0.512762
 107  -611335.396561   0.513229
 108  -611335.395059   0.514731
 109  -611335.394647   0.515143
 110  -611335.379053   0.530737
 111  -611335.373449   0.536341
 112  -611335.366374   0.543416
 113  -611335.364702   0.545088
 114  -611335.364554   0.545236
 115  -611335.363889   0.545901
 116  -611335.358277   0.551513
 117  -611335.356305   0.553485
 118  -611335.34941   0.560380
 119  -611335.349035   0.560755
 120  -611335.34385   0.565940
 121  -611335.34246   0.567330
 122  -611335.341363   0.568427
 123  -611335.340887   0.568903
 124  -611335.33673   0.573060
 125  -611335.333844   0.575946
 126  -611335.331595   0.578195
 127  -611335.329433   0.580357
 128  -611335.323818   0.585972
 129  -611335.32062   0.589170
 130  -611335.31736   0.592430
 131  -611335.316049   0.593741
 132  -611335.311093   0.598697
 133  -611335.308785   0.601005
 134  -611335.304209   0.605581
 135  -611335.302934   0.606856
 136  -611335.301938   0.607852
 137  -611335.299909   0.609881
 138  -611335.297708   0.612082
 139  -611335.294545   0.615245
 140  -611335.286125   0.623665
 141  -611335.282471   0.627319
 142  -611335.276036   0.633754
 143  -611335.274229   0.635561
 144  -611335.267471   0.642319
 145  -611335.267423   0.642367
 146  -611335.26658   0.643210
 147  -611335.263317   0.646473
 148  -611335.262207   0.647583
 149  -611335.260442   0.649348
 150  -611335.258607   0.651183
 151  -611335.251159   0.658631
 152  -611335.250845   0.658945
 153  -611335.248404   0.661386
 154  -611335.2454   0.664390
 155  -611335.244348   0.665442
 156  -611335.243889   0.665901
 157  -611335.240557   0.669233
 158  -611335.238793   0.670997
 159  -611335.237975   0.671815
 160  -611335.233844   0.675946
 161  -611335.233082   0.676708
 162  -611335.225163   0.684627
 163  -611335.217827   0.691963
 164  -611335.2147   0.695090
 165  -611335.214642   0.695148
 166  -611335.213397   0.696393
 167  -611335.213276   0.696514
 168  -611335.211963   0.697827
 169  -611335.210183   0.699607
 170  -611335.205921   0.703869
 171  -611335.204815   0.704975
 172  -611335.204615   0.705175
 173  -611335.201767   0.708023
 174  -611335.199346   0.710444
 175  -611335.198888   0.710902
 176  -611335.194345   0.715445
 177  -611335.187277   0.722513
 178  -611335.181933   0.727857
 179  -611335.180888   0.728902
 180  -611335.179906   0.729884
 181  -611335.179546   0.730244
 182  -611335.175813   0.733977
 183  -611335.171371   0.738419
 184  -611335.170275   0.739515
 185  -611335.156615   0.753175
 186  -611335.15376   0.756030
 187  -611335.15286   0.756930
 188  -611335.15212   0.757670
 189  -611335.151968   0.757822
 190  -611335.151791   0.757999
 191  -611335.15124   0.758550
 192  -611335.149527   0.760263
 193  -611335.149411   0.760379
 194  -611335.147203   0.762587
 195  -611335.145367   0.764423
 196  -611335.14485   0.764940
 197  -611335.144387   0.765403
 198  -611335.139045   0.770745
 199  -611335.138369   0.771421
 200  -611335.136249   0.773541
 201  -611335.125777   0.784013
 202  -611335.125486   0.784304
 203  -611335.124703   0.785087
 204  -611335.121712   0.788078
 205  -611335.119728   0.790062
 206  -611335.117854   0.791936
 207  -611335.110688   0.799102
 208  -611335.10987   0.799920
 209  -611335.107874   0.801916
 210  -611335.107624   0.802166
 211  -611335.106947   0.802843
 212  -611335.106472   0.803318
 213  -611335.10467   0.805120
 214  -611335.104252   0.805538
 215  -611335.103975   0.805815
 216  -611335.102315   0.807475
 217  -611335.099209   0.810581
 218  -611335.097812   0.811978
 219  -611335.095303   0.814487
 220  -611335.093141   0.816649
 221  -611335.090899   0.818891
 222  -611335.077972   0.831818
 223  -611335.0737   0.836090
 224  -611335.069381   0.840409
 225  -611335.068682   0.841108
 226  -611335.06684   0.842950
 227  -611335.066259   0.843531
 228  -611335.063979   0.845811
 229  -611335.06253   0.847260
 230  -611335.059826   0.849964
 231  -611335.058579   0.851211
 232  -611335.056883   0.852907
 233  -611335.056101   0.853689
 234  -611335.054248   0.855542
 235  -611335.053453   0.856337
 236  -611335.051478   0.858312
 237  -611335.051147   0.858643
 238  -611335.049558   0.860232
 239  -611335.049483   0.860307
 240  -611335.047992   0.861798
 241  -611335.045129   0.864661
 242  -611335.040423   0.869367
 243  -611335.036268   0.873522
 244  -611335.036147   0.873643
 245  -611335.033388   0.876402
 246  -611335.032781   0.877009
 247  -611335.024951   0.884839
 248  -611335.022742   0.887048
 249  -611335.021701   0.888089
 250  -611335.021536   0.888254
 251  -611335.020138   0.889652
 252  -611335.018313   0.891477
 253  -611335.015072   0.894718
 254  -611335.01109   0.898700
 255  -611335.008839   0.900951
 256  -611335.007104   0.902686
 257  -611335.000642   0.909148
 258  -611334.99716   0.912630
 259  -611334.992474   0.917316
 260  -611334.990205   0.919585
 261  -611334.989049   0.920741
 262  -611334.986631   0.923159
 263  -611334.986166   0.923624
 264  -611334.986129   0.923661
 265  -611334.985424   0.924366
 266  -611334.983264   0.926526
 267  -611334.98076   0.929030
 268  -611334.980153   0.929637
 269  -611334.979654   0.930136
 270  -611334.97709   0.932700
 271  -611334.976979   0.932811
 272  -611334.97662   0.933170
 273  -611334.974978   0.934812
 274  -611334.974175   0.935615
 275  -611334.972453   0.937337
 276  -611334.963594   0.946196
 277  -611334.960354   0.949436
 278  -611334.960313   0.949477
 279  -611334.959731   0.950059
 280  -611334.957989   0.951801
 281  -611334.957144   0.952646
 282  -611334.952145   0.957645
 283  -611334.947942   0.961848
 284  -611334.946611   0.963179
 285  -611334.945703   0.964087
 286  -611334.944281   0.965509
 287  -611334.943087   0.966703
 288  -611334.941936   0.967854
 289  -611334.940212   0.969578
 290  -611334.93712   0.972670
 291  -611334.932811   0.976979
 292  -611334.926261   0.983529
 293  -611334.925927   0.983863
 294  -611334.925754   0.984036
 295  -611334.925615   0.984175
 296  -611334.925591   0.984199
 297  -611334.924527   0.985263
 298  -611334.916808   0.992982
 299  -611334.916504   0.993286
 300  -611334.915403   0.994387
 301  -611334.914262   0.995528
 302  -611334.912109   0.997681
 303  -611334.909592   1.000198
 304  -611334.906198   1.003592
 305  -611334.9048   1.004990
 306  -611334.903896   1.005894
 307  -611334.903451   1.006339
 308  -611334.901318   1.008472
 309  -611334.900858   1.008932
 310  -611334.897153   1.012637
 311  -611334.896016   1.013774
 312  -611334.89513   1.014660
 313  -611334.893215   1.016575
 314  -611334.892713   1.017077
 315  -611334.889857   1.019933
 316  -611334.889518   1.020272
 317  -611334.889498   1.020292
 318  -611334.888747   1.021043
 319  -611334.888702   1.021088
 320  -611334.885568   1.024222
 321  -611334.883369   1.026421
 322  -611334.880581   1.029209
 323  -611334.880214   1.029576
 324  -611334.879133   1.030657
 325  -611334.878313   1.031477
 326  -611334.877257   1.032533
 327  -611334.872299   1.037491
 328  -611334.867652   1.042138
 329  -611334.867603   1.042187
 330  -611334.863581   1.046209
 331  -611334.863286   1.046504
 332  -611334.862868   1.046922
 333  -611334.860875   1.048915
 334  -611334.860765   1.049025
 335  -611334.856111   1.053679
 336  -611334.853648   1.056142
 337  -611334.852448   1.057342
 338  -611334.851949   1.057841
 339  -611334.850033   1.059757
 340  -611334.8488   1.060990
 341  -611334.848377   1.061413
 342  -611334.844967   1.064823
 343  -611334.839186   1.070604
 344  -611334.839134   1.070656
 345  -611334.838553   1.071237
 346  -611334.837315   1.072475
 347  -611334.836783   1.073007
 348  -611334.836258   1.073532
 349  -611334.835024   1.074766
 350  -611334.834382   1.075408
 351  -611334.830557   1.079233
 352  -611334.830001   1.079789
 353  -611334.825693   1.084097
 354  -611334.825314   1.084476
 355  -611334.824814   1.084976
 356  -611334.823089   1.086701
 357  -611334.82281   1.086980
 358  -611334.821194   1.088596
 359  -611334.820101   1.089689
 360  -611334.816154   1.093636
 361  -611334.813635   1.096155
 362  -611334.812727   1.097063
 363  -611334.808778   1.101012
 364  -611334.807166   1.102624
 365  -611334.806019   1.103771
 366  -611334.80572   1.104070
 367  -611334.803408   1.106382
 368  -611334.802457   1.107333
 369  -611334.801239   1.108551
 370  -611334.800108   1.109682
 371  -611334.799278   1.110512
 372  -611334.79708   1.112710
 373  -611334.793291   1.116499
 374  -611334.792213   1.117577
 375  -611334.791241   1.118549
 376  -611334.790561   1.119229
 377  -611334.788614   1.121176
 378  -611334.786255   1.123535
 379  -611334.783502   1.126288
 380  -611334.783382   1.126408
 381  -611334.781316   1.128474
 382  -611334.77909   1.130700
 383  -611334.778801   1.130989
 384  -611334.778258   1.131532
 385  -611334.771727   1.138063
 386  -611334.770628   1.139162
 387  -611334.767848   1.141942
 388  -611334.759404   1.150386
 389  -611334.757275   1.152515
 390  -611334.754709   1.155081
 391  -611334.754148   1.155642
 392  -611334.744571   1.165219
 393  -611334.742024   1.167766
 394  -611334.737846   1.171944
 395  -611334.735012   1.174778
 396  -611334.733337   1.176453
 397  -611334.724133   1.185657
 398  -611334.723134   1.186656
 399  -611334.719194   1.190596
 400  -611334.718437   1.191353
 401  -611334.717   1.192790
 402  -611334.71694   1.192850
 403  -611334.714622   1.195168
 404  -611334.714521   1.195269
 405  -611334.71263   1.197160
 406  -611334.710469   1.199321
 407  -611334.709382   1.200408
 408  -611334.705973   1.203817
 409  -611334.701989   1.207801
 410  -611334.699638   1.210152
 411  -611334.694171   1.215619
 412  -611334.693715   1.216075
 413  -611334.688012   1.221778
 414  -611334.684585   1.225205
 415  -611334.679453   1.230337
 416  -611334.677466   1.232324
 417  -611334.669189   1.240601
 418  -611334.66273   1.247060
 419  -611334.658389   1.251401
 420  -611334.654534   1.255256
 421  -611334.64623   1.263560
 422  -611334.638209   1.271581
 423  -611334.63686   1.272930
 424  -611334.629031   1.280759
 425  -611334.625558   1.284232
 426  -611334.615794   1.293996
 427  -611334.612135   1.297655
 428  -611334.604043   1.305747
 429  -611334.590896   1.318894
 430  -611334.58615   1.323640
 431  -611334.579865   1.329925
 432  -611334.573959   1.335831
 433  -611334.573116   1.336674
 434  -611334.571288   1.338502
 435  -611334.561764   1.348026
 436  -611334.543904   1.365886
 437  -611334.530144   1.379646
 438  -611334.530142   1.379648
 439  -611334.514687   1.395103
 440  -611334.495898   1.413892
 441  -611334.486705   1.423085
 442  -611334.480496   1.429294
 443  -611334.468024   1.441766
 444  -611334.467938   1.441852
 445  -611334.466304   1.443486
 446  -611334.465105   1.444685
 447  -611334.460514   1.449276
 448  -611334.459955   1.449835
 449  -611334.457813   1.451977
 450  -611334.449467   1.460323
 451  -611334.446822   1.462968
 452  -611334.445891   1.463899
 453  -611334.444072   1.465718
 454  -611334.441246   1.468544
 455  -611334.435285   1.474505
 456  -611334.432742   1.477048
 457  -611334.425326   1.484464
 458  -611334.406569   1.503221
 459  -611334.405317   1.504473
 460  -611334.372785   1.537005
 461  -611334.371444   1.538346
 462  -611334.344356   1.565434
 463  -611334.343955   1.565835
 464  -611334.338099   1.571691
 465  -611334.337779   1.572011
 466  -611334.334129   1.575661
 467  -611334.324236   1.585554
 468  -611334.323443   1.586347
 469  -611334.322423   1.587367
 470  -611334.32176   1.588030
 471  -611334.320999   1.588791
 472  -611334.318695   1.591095
 473  -611334.300895   1.608895
 474  -611334.300526   1.609264
 475  -611334.29618   1.613610
 476  -611334.279899   1.629891
 477  -611334.274853   1.634937
 478  -611334.269287   1.640503
 479  -611334.248203   1.661587
 480  -611334.246105   1.663685
 481  -611334.245598   1.664192
 482  -611334.243022   1.666768
 483  -611334.240948   1.668842
 484  -611334.234418   1.675372
 485  -611334.233826   1.675964
 486  -611334.230194   1.679596
 487  -611334.229914   1.679876
 488  -611334.219774   1.690016
 489  -611334.219497   1.690293
 490  -611334.214213   1.695577
 491  -611334.205896   1.703894
 492  -611334.205176   1.704614
 493  -611334.204142   1.705648
 494  -611334.202946   1.706844
 495  -611334.190662   1.719128
 496  -611334.190626   1.719164
 497  -611334.186655   1.723135
 498  -611334.18062   1.729170
 499  -611334.179161   1.730629
 500  -611334.165788   1.744002
 501  -611334.165707   1.744083
 502  -611334.158128   1.751662
 503  -611334.14481   1.764980
 504  -611334.141796   1.767994
 505  -611334.13388   1.775910
 506  -611334.131869   1.777921
 507  -611334.128163   1.781627
 508  -611334.115004   1.794786
 509  -611334.111108   1.798682
 510  -611334.110714   1.799076
 511  -611334.109368   1.800422
 512  -611334.109311   1.800479
 513  -611334.107892   1.801898
 514  -611334.104192   1.805598
 515  -611334.100803   1.808987
 516  -611334.083182   1.826608
 517  -611334.076711   1.833079
 518  -611334.072706   1.837084
 519  -611334.066821   1.842969
 520  -611334.066263   1.843527
 521  -611334.065691   1.844099
 522  -611334.06409   1.845700
 523  -611334.059599   1.850191
 524  -611334.055952   1.853838
 525  -611334.051636   1.858154
 526  -611334.050423   1.859367
 527  -611334.043347   1.866443
 528  -611334.0352   1.874590
 529  -611334.033632   1.876158
 530  -611334.031909   1.877881
 531  -611334.025795   1.883995
 532  -611334.024032   1.885758
 533  -611334.017602   1.892188
 534  -611334.01618   1.893610
 535  -611334.015123   1.894667
 536  -611334.013978   1.895812
 537  -611334.013496   1.896294
 538  -611334.008449   1.901341
 539  -611334.006929   1.902861
 540  -611333.998503   1.911287
 541  -611333.998498   1.911292
 542  -611333.996717   1.913073
 543  -611333.996417   1.913373
 544  -611333.995761   1.914029
 545  -611333.99232   1.917470
 546  -611333.990635   1.919155
 547  -611333.984128   1.925662
 548  -611333.975635   1.934155
 549  -611333.967963   1.941827
 550  -611333.959091   1.950699
 551  -611333.95765   1.952140
 552  -611333.948934   1.960856
 553  -611333.940588   1.969202
 554  -611333.936152   1.973638
 555  -611333.933404   1.976386
 556  -611333.93143   1.978360
 557  -611333.926591   1.983199
 558  -611333.925532   1.984258
 559  -611333.925382   1.984408
 560  -611333.92197   1.987820
 561  -611333.916175   1.993615
 562  -611333.914027   1.995763
 563  -611333.910757   1.999033
 564  -611333.904514   2.005276
 565  -611333.904038   2.005752
 566  -611333.902181   2.007609
 567  -611333.901529   2.008261
 568  -611333.896475   2.013315
 569  -611333.8873   2.022490
 570  -611333.884399   2.025391
 571  -611333.884356   2.025434
 572  -611333.880252   2.029538
 573  -611333.879136   2.030654
 574  -611333.863007   2.046783
 575  -611333.85825   2.051540
 576  -611333.856833   2.052957
 577  -611333.855747   2.054043
 578  -611333.840151   2.069639
 579  -611333.832216   2.077574
 580  -611333.830507   2.079283
 581  -611333.81993   2.089860
 582  -611333.818936   2.090854
 583  -611333.816769   2.093021
 584  -611333.80695   2.102840
 585  -611333.806631   2.103159
 586  -611333.801334   2.108456
 587  -611333.79773   2.112060
 588  -611333.796404   2.113386
 589  -611333.793919   2.115871
 590  -611333.784205   2.125585
 591  -611333.77872   2.131070
 592  -611333.772614   2.137176
 593  -611333.77156   2.138230
 594  -611333.771241   2.138549
 595  -611333.766262   2.143528
 596  -611333.765066   2.144724
 597  -611333.763815   2.145975
 598  -611333.756347   2.153443
 599  -611333.745295   2.164495
 600  -611333.745087   2.164703
 601  -611333.743516   2.166274
 602  -611333.733657   2.176133
 603  -611333.730009   2.179781
 604  -611333.728885   2.180905
 605  -611333.726029   2.183761
 606  -611333.722087   2.187703
 607  -611333.719767   2.190023
 608  -611333.716363   2.193427
 609  -611333.710807   2.198983
 610  -611333.701101   2.208689
 611  -611333.687007   2.222783
 612  -611333.686837   2.222953
 613  -611333.684491   2.225299
 614  -611333.6757   2.234090
 615  -611333.674847   2.234943
 616  -611333.672697   2.237093
 617  -611333.668897   2.240893
 618  -611333.661477   2.248313
 619  -611333.657497   2.252293
 620  -611333.653638   2.256152
 621  -611333.650839   2.258951
 622  -611333.649653   2.260137
 623  -611333.643676   2.266114
 624  -611333.638433   2.271357
 625  -611333.63498   2.274810
 626  -611333.632023   2.277767
 627  -611333.631547   2.278243
 628  -611333.625605   2.284185
 629  -611333.621964   2.287826
 630  -611333.618287   2.291503
 631  -611333.617699   2.292091
 632  -611333.608381   2.301409
 633  -611333.60224   2.307550
 634  -611333.602178   2.307612
 635  -611333.600709   2.309081
 636  -611333.593127   2.316663
 637  -611333.590894   2.318896
 638  -611333.576011   2.333779
 639  -611333.568642   2.341148
 640  -611333.562383   2.347407
 641  -611333.561911   2.347879
 642  -611333.559124   2.350666
 643  -611333.558834   2.350956
 644  -611333.556278   2.353512
 645  -611333.555863   2.353927
 646  -611333.555296   2.354494
 647  -611333.55203   2.357760
 648  -611333.550365   2.359425
 649  -611333.536555   2.373235
 650  -611333.535162   2.374628
 651  -611333.530424   2.379366
 652  -611333.529436   2.380354
 653  -611333.518747   2.391043
 654  -611333.51348   2.396310
 655  -611333.512066   2.397724
 656  -611333.506889   2.402901
 657  -611333.496476   2.413314
 658  -611333.492811   2.416979
 659  -611333.484255   2.425535
 660  -611333.483822   2.425968
 661  -611333.482982   2.426808
 662  -611333.479785   2.430005
 663  -611333.479485   2.430305
 664  -611333.473418   2.436372
 665  -611333.46865   2.441140
 666  -611333.462914   2.446876
 667  -611333.461211   2.448579
 668  -611333.460605   2.449185
 669  -611333.443752   2.466038
 670  -611333.441755   2.468035
 671  -611333.436187   2.473603
 672  -611333.43574   2.474050
 673  -611333.428361   2.481429
 674  -611333.423375   2.486415
 675  -611333.420313   2.489477
 676  -611333.414474   2.495316
 677  -611333.403731   2.506059
 678  -611333.396466   2.513324
 679  -611333.389269   2.520521
 680  -611333.383026   2.526764
 681  -611333.381194   2.528596
 682  -611333.379639   2.530151
 683  -611333.376023   2.533767
 684  -611333.372421   2.537369
 685  -611333.372287   2.537503
 686  -611333.365123   2.544667
 687  -611333.359763   2.550027
 688  -611333.35023   2.559560
 689  -611333.349764   2.560026
 690  -611333.346089   2.563701
 691  -611333.343772   2.566018
 692  -611333.340174   2.569616
 693  -611333.338489   2.571301
 694  -611333.337059   2.572731
 695  -611333.333261   2.576529
 696  -611333.331717   2.578073
 697  -611333.326161   2.583629
 698  -611333.311536   2.598254
 699  -611333.294952   2.614838
 700  -611333.29482   2.614970
 701  -611333.29367   2.616120
 702  -611333.293475   2.616315
 703  -611333.292286   2.617504
 704  -611333.29051   2.619280
 705  -611333.290096   2.619694
 706  -611333.283595   2.626195
 707  -611333.268253   2.641537
 708  -611333.252763   2.657027
 709  -611333.250737   2.659053
 710  -611333.243571   2.666219
 711  -611333.230629   2.679161
 712  -611333.204794   2.704996
 713  -611333.203743   2.706047
 714  -611333.196275   2.713515
 715  -611333.190301   2.719489
 716  -611333.188995   2.720795
 717  -611333.172194   2.737596
 718  -611333.16886   2.740930
 719  -611333.159802   2.749988
 720  -611333.156514   2.753276
 721  -611333.15333   2.756460
 722  -611333.151986   2.757804
 723  -611333.150115   2.759675
 724  -611333.149982   2.759808
 725  -611333.13704   2.772750
 726  -611333.133578   2.776212
 727  -611333.110844   2.798946
 728  -611333.094672   2.815118
 729  -611333.09126   2.818530
 730  -611333.090664   2.819126
 731  -611333.08258   2.827210
 732  -611333.081351   2.828439
 733  -611333.074485   2.835305
 734  -611333.074227   2.835563
 735  -611333.070785   2.839005
 736  -611333.068202   2.841588
 737  -611333.039327   2.870463
 738  -611333.033674   2.876116
 739  -611333.020376   2.889414
 740  -611333.019844   2.889946
 741  -611333.011159   2.898631
 742  -611333.010985   2.898805
 743  -611333.004203   2.905587
 744  -611333.002626   2.907164
 745  -611332.999229   2.910561
 746  -611332.997337   2.912453
 747  -611332.993345   2.916445
 748  -611332.988902   2.920888
 749  -611332.984903   2.924887
 750  -611332.979752   2.930038
 751  -611332.976037   2.933753
 752  -611332.965557   2.944233
 753  -611332.960378   2.949412
 754  -611332.957108   2.952682
 755  -611332.94586   2.963930
 756  -611332.938819   2.970971
 757  -611332.930393   2.979397
 758  -611332.918964   2.990826
 759  -611332.911542   2.998248
 760  -611332.89954   3.010250
 761  -611332.897486   3.012304
 762  -611332.890952   3.018838
 763  -611332.874751   3.035039
 764  -611332.874156   3.035634
 765  -611332.864086   3.045704
 766  -611332.805793   3.103997
 767  -611332.692738   3.217052
 768  -611332.633015   3.276775
 769  -611332.588258   3.321532
 770  -611332.57791   3.331880
 771  -611332.569246   3.340544
 772  -611332.516458   3.393332
 773  -611332.507646   3.402144
 774  -611332.495661   3.414129
 775  -611332.472859   3.436931
 776  -611332.455335   3.454455
 777  -611332.431699   3.478091
 778  -611332.375601   3.534189
