# Relative energy hierarchy for Ac-Lys-NMe conformations
# Calculated with PBE+vdW (tier 2 basis)
# Conf.    Energy./ [eV]     Rel. energy./ [eV]
#
   1  -571608.628973   0.000000
   2  -571608.610935   0.018038
   3  -571608.60492   0.024053
   4  -571608.566116   0.062857
   5  -571608.499726   0.129247
   6  -571608.497532   0.131441
   7  -571608.491564   0.137409
   8  -571608.484006   0.144967
   9  -571608.465073   0.163900
  10  -571608.450069   0.178904
  11  -571608.417373   0.211600
  12  -571608.385332   0.243641
  13  -571608.376524   0.252449
  14  -571608.362366   0.266607
  15  -571608.34748   0.281493
  16  -571608.309696   0.319277
  17  -571608.226088   0.402885
  18  -571608.223947   0.405026
  19  -571608.137371   0.491602
  20  -571608.113421   0.515552
  21  -571608.071886   0.557087
  22  -571608.07146   0.557513
  23  -571608.069536   0.559437
  24  -571608.048891   0.580082
  25  -571608.021748   0.607225
  26  -571608.009543   0.619430
  27  -571608.005534   0.623439
  28  -571607.997524   0.631449
  29  -571607.991826   0.637147
  30  -571607.989887   0.639086
  31  -571607.947016   0.681957
  32  -571607.942656   0.686317
  33  -571607.927911   0.701062
  34  -571607.925647   0.703326
  35  -571607.911537   0.717436
  36  -571607.904642   0.724331
  37  -571607.897973   0.731000
  38  -571607.892743   0.736230
  39  -571607.88981   0.739163
  40  -571607.876187   0.752786
  41  -571607.817562   0.811411
  42  -571607.721932   0.907041
  43  -571607.659895   0.969078
  44  -571607.588603   1.040370
  45  -571607.571472   1.057501
  46  -571607.49134   1.137633
  47  -571607.463806   1.165167
  48  -571607.314756   1.314217
  49  -571607.218165   1.410808
  50  -571607.183368   1.445605
  51  -571607.116006   1.512967
  52  -571607.111629   1.517344
  53  -571607.106052   1.522921
  54  -571607.091856   1.537117
  55  -571607.090885   1.538088
  56  -571607.08949   1.539483
  57  -571607.076798   1.552175
  58  -571607.067147   1.561826
  59  -571607.063395   1.565578
  60  -571607.062576   1.566397
  61  -571607.051201   1.577772
  62  -571607.04759   1.581383
  63  -571607.043913   1.585060
  64  -571607.037467   1.591506
  65  -571607.034135   1.594838
  66  -571607.029357   1.599616
  67  -571607.025498   1.603475
  68  -571607.018807   1.610166
  69  -571607.017144   1.611829
  70  -571607.01589   1.613083
  71  -571607.014842   1.614131
  72  -571607.012795   1.616178
  73  -571607.00477   1.624203
  74  -571607.000494   1.628479
  75  -571607.000044   1.628929
  76  -571606.998418   1.630555
  77  -571606.99758   1.631393
  78  -571606.996864   1.632109
  79  -571606.993635   1.635338
  80  -571606.993036   1.635937
  81  -571606.991719   1.637254
  82  -571606.980014   1.648959
  83  -571606.97695   1.652023
  84  -571606.976243   1.652730
  85  -571606.966955   1.662018
  86  -571606.962958   1.666015
  87  -571606.95895   1.670023
  88  -571606.958016   1.670957
  89  -571606.957683   1.671290
  90  -571606.956433   1.672540
  91  -571606.956324   1.672649
  92  -571606.955304   1.673669
  93  -571606.952173   1.676800
  94  -571606.95146   1.677513
  95  -571606.951286   1.677687
  96  -571606.951041   1.677932
  97  -571606.949575   1.679398
  98  -571606.947814   1.681159
  99  -571606.943506   1.685467
 100  -571606.941907   1.687066
 101  -571606.938268   1.690705
 102  -571606.937881   1.691092
 103  -571606.937294   1.691679
 104  -571606.936982   1.691991
 105  -571606.93691   1.692063
 106  -571606.9355   1.693473
 107  -571606.935373   1.693600
 108  -571606.934614   1.694359
 109  -571606.932748   1.696225
 110  -571606.930946   1.698027
 111  -571606.929582   1.699391
 112  -571606.920542   1.708431
 113  -571606.919893   1.709080
 114  -571606.919675   1.709298
 115  -571606.91922   1.709753
 116  -571606.91914   1.709833
 117  -571606.91662   1.712353
 118  -571606.913559   1.715414
 119  -571606.910228   1.718745
 120  -571606.908727   1.720246
 121  -571606.898868   1.730105
 122  -571606.898826   1.730147
 123  -571606.898536   1.730437
 124  -571606.898087   1.730886
 125  -571606.897719   1.731254
 126  -571606.896696   1.732277
 127  -571606.894947   1.734026
 128  -571606.889879   1.739094
 129  -571606.886702   1.742271
 130  -571606.882772   1.746201
 131  -571606.881357   1.747616
 132  -571606.881183   1.747790
 133  -571606.880637   1.748336
 134  -571606.874093   1.754880
 135  -571606.872168   1.756805
 136  -571606.870763   1.758210
 137  -571606.865791   1.763182
 138  -571606.861682   1.767291
 139  -571606.849002   1.779971
 140  -571606.848254   1.780719
 141  -571606.847336   1.781637
 142  -571606.847281   1.781692
 143  -571606.844015   1.784958
 144  -571606.8416   1.787373
 145  -571606.840861   1.788112
 146  -571606.838359   1.790614
 147  -571606.838006   1.790967
 148  -571606.83637   1.792603
 149  -571606.835449   1.793524
 150  -571606.833253   1.795720
 151  -571606.83222   1.796753
 152  -571606.831138   1.797835
 153  -571606.830904   1.798069
 154  -571606.830154   1.798819
 155  -571606.828639   1.800334
 156  -571606.825457   1.803516
 157  -571606.825238   1.803735
 158  -571606.822807   1.806166
 159  -571606.821785   1.807188
 160  -571606.820773   1.808200
 161  -571606.81818   1.810793
 162  -571606.818069   1.810904
 163  -571606.817399   1.811574
 164  -571606.815296   1.813677
 165  -571606.814812   1.814161
 166  -571606.812698   1.816275
 167  -571606.810656   1.818317
 168  -571606.808492   1.820481
 169  -571606.808076   1.820897
 170  -571606.801726   1.827247
 171  -571606.800489   1.828484
 172  -571606.799053   1.829920
 173  -571606.797493   1.831480
 174  -571606.795127   1.833846
 175  -571606.795098   1.833875
 176  -571606.794963   1.834010
 177  -571606.794804   1.834169
 178  -571606.787733   1.841240
 179  -571606.787154   1.841819
 180  -571606.784455   1.844518
 181  -571606.782758   1.846215
 182  -571606.779193   1.849780
 183  -571606.776019   1.852954
 184  -571606.775225   1.853748
 185  -571606.774289   1.854684
 186  -571606.772956   1.856017
 187  -571606.772103   1.856870
 188  -571606.771179   1.857794
 189  -571606.767695   1.861278
 190  -571606.765633   1.863340
 191  -571606.764619   1.864354
 192  -571606.761852   1.867121
 193  -571606.755921   1.873052
 194  -571606.750304   1.878669
 195  -571606.749637   1.879336
 196  -571606.749405   1.879568
 197  -571606.741927   1.887046
 198  -571606.736286   1.892687
 199  -571606.732021   1.896952
 200  -571606.724937   1.904036
 201  -571606.722729   1.906244
 202  -571606.719479   1.909494
 203  -571606.71812   1.910853
 204  -571606.717553   1.911420
 205  -571606.714104   1.914869
 206  -571606.709737   1.919236
 207  -571606.709446   1.919527
 208  -571606.705982   1.922991
 209  -571606.705903   1.923070
 210  -571606.704088   1.924885
 211  -571606.700109   1.928864
 212  -571606.698894   1.930079
 213  -571606.695474   1.933499
 214  -571606.692068   1.936905
 215  -571606.691606   1.937367
 216  -571606.688822   1.940151
 217  -571606.688787   1.940186
 218  -571606.686891   1.942082
 219  -571606.683815   1.945158
 220  -571606.681332   1.947641
 221  -571606.680316   1.948657
 222  -571606.678794   1.950179
 223  -571606.677986   1.950987
 224  -571606.676408   1.952565
 225  -571606.675345   1.953628
 226  -571606.674545   1.954428
 227  -571606.671184   1.957789
 228  -571606.669773   1.959200
 229  -571606.666805   1.962168
 230  -571606.663709   1.965264
 231  -571606.663188   1.965785
 232  -571606.66212   1.966853
 233  -571606.660527   1.968446
 234  -571606.65844   1.970533
 235  -571606.653454   1.975519
 236  -571606.651319   1.977654
 237  -571606.649331   1.979642
 238  -571606.646287   1.982686
 239  -571606.645977   1.982996
 240  -571606.643009   1.985964
 241  -571606.640292   1.988681
 242  -571606.640001   1.988972
 243  -571606.639546   1.989427
 244  -571606.63929   1.989683
 245  -571606.637518   1.991455
 246  -571606.627757   2.001216
 247  -571606.624084   2.004889
 248  -571606.621183   2.007790
 249  -571606.616028   2.012945
 250  -571606.613748   2.015225
 251  -571606.612122   2.016851
 252  -571606.61202   2.016953
 253  -571606.61056   2.018413
 254  -571606.608141   2.020832
 255  -571606.603848   2.025125
 256  -571606.603722   2.025251
 257  -571606.601522   2.027451
 258  -571606.600953   2.028020
 259  -571606.597366   2.031607
 260  -571606.595442   2.033531
 261  -571606.592132   2.036841
 262  -571606.591791   2.037182
 263  -571606.587548   2.041425
 264  -571606.583474   2.045499
 265  -571606.581552   2.047421
 266  -571606.578082   2.050891
 267  -571606.57498   2.053993
 268  -571606.572749   2.056224
 269  -571606.572513   2.056460
 270  -571606.570621   2.058352
 271  -571606.570439   2.058534
 272  -571606.566976   2.061997
 273  -571606.566628   2.062345
 274  -571606.566546   2.062427
 275  -571606.565489   2.063484
 276  -571606.565455   2.063518
 277  -571606.564944   2.064029
 278  -571606.563914   2.065059
 279  -571606.563118   2.065855
 280  -571606.560801   2.068172
 281  -571606.560522   2.068451
 282  -571606.559062   2.069911
 283  -571606.55862   2.070353
 284  -571606.556918   2.072055
 285  -571606.556863   2.072110
 286  -571606.554416   2.074557
 287  -571606.553566   2.075407
 288  -571606.552395   2.076578
 289  -571606.54619   2.082783
 290  -571606.544435   2.084538
 291  -571606.538443   2.090530
 292  -571606.538008   2.090965
 293  -571606.537853   2.091120
 294  -571606.535355   2.093618
 295  -571606.534247   2.094726
 296  -571606.533029   2.095944
 297  -571606.530255   2.098718
 298  -571606.527094   2.101879
 299  -571606.525368   2.103605
 300  -571606.524284   2.104689
 301  -571606.522751   2.106222
 302  -571606.522487   2.106486
 303  -571606.52219   2.106783
 304  -571606.521425   2.107548
 305  -571606.518417   2.110556
 306  -571606.516748   2.112225
 307  -571606.514659   2.114314
 308  -571606.510023   2.118950
 309  -571606.507757   2.121216
 310  -571606.505691   2.123282
 311  -571606.50484   2.124133
 312  -571606.504463   2.124510
 313  -571606.503194   2.125779
 314  -571606.498818   2.130155
 315  -571606.498242   2.130731
 316  -571606.49573   2.133243
 317  -571606.494529   2.134444
 318  -571606.492331   2.136642
 319  -571606.490916   2.138057
 320  -571606.490498   2.138475
 321  -571606.488591   2.140382
 322  -571606.479816   2.149157
 323  -571606.47846   2.150513
 324  -571606.476721   2.152252
 325  -571606.476106   2.152867
 326  -571606.472224   2.156749
 327  -571606.472025   2.156948
 328  -571606.471159   2.157814
 329  -571606.471128   2.157845
 330  -571606.465878   2.163095
 331  -571606.461309   2.167664
 332  -571606.459376   2.169597
 333  -571606.455967   2.173006
 334  -571606.450203   2.178770
 335  -571606.44951   2.179463
 336  -571606.448129   2.180844
 337  -571606.442365   2.186608
 338  -571606.436449   2.192524
 339  -571606.435921   2.193052
 340  -571606.434481   2.194492
 341  -571606.434124   2.194849
 342  -571606.430746   2.198227
 343  -571606.430429   2.198544
 344  -571606.429478   2.199495
 345  -571606.429203   2.199770
 346  -571606.429158   2.199815
 347  -571606.428046   2.200927
 348  -571606.427869   2.201104
 349  -571606.427189   2.201784
 350  -571606.424286   2.204687
 351  -571606.422873   2.206100
 352  -571606.415568   2.213405
 353  -571606.414667   2.214306
 354  -571606.413983   2.214990
 355  -571606.409016   2.219957
 356  -571606.40606   2.222913
 357  -571606.404334   2.224639
 358  -571606.402788   2.226185
 359  -571606.398868   2.230105
 360  -571606.398566   2.230407
 361  -571606.394474   2.234499
 362  -571606.39411   2.234863
 363  -571606.393149   2.235824
 364  -571606.39168   2.237293
 365  -571606.381863   2.247110
 366  -571606.377876   2.251097
 367  -571606.376029   2.252944
 368  -571606.37166   2.257313
 369  -571606.361498   2.267475
 370  -571606.361491   2.267482
 371  -571606.356795   2.272178
 372  -571606.351071   2.277902
 373  -571606.342641   2.286332
 374  -571606.339954   2.289019
 375  -571606.338113   2.290860
 376  -571606.337531   2.291442
 377  -571606.336007   2.292966
 378  -571606.326423   2.302550
 379  -571606.322549   2.306424
 380  -571606.320231   2.308742
 381  -571606.31811   2.310863
 382  -571606.317016   2.311957
 383  -571606.309209   2.319764
 384  -571606.298979   2.329994
 385  -571606.298861   2.330112
 386  -571606.29599   2.332983
 387  -571606.293235   2.335738
 388  -571606.289077   2.339896
 389  -571606.280446   2.348527
 390  -571606.275194   2.353779
 391  -571606.265992   2.362981
 392  -571606.260216   2.368757
 393  -571606.256604   2.372369
 394  -571606.249773   2.379200
 395  -571606.246013   2.382960
 396  -571606.226423   2.402550
 397  -571606.192508   2.436465
