# Relative energy hierarchy for Met conformations
# Calculated with PBE+vdW (tier 2 basis)
# Conf.    Energy./ [eV]     Rel. energy./ [eV]
#
   1  -21829.4371881   0.000000
   2  -21829.4341789   0.003009
   3  -21829.425724   0.011464
   4  -21829.4220031   0.015185
   5  -21829.4201038   0.017084
   6  -21829.4140032   0.023185
   7  -21829.4118266   0.025362
   8  -21829.411411   0.025777
   9  -21829.4105205   0.026668
  10  -21829.396811   0.040377
  11  -21829.3954163   0.041772
  12  -21829.3925041   0.044684
  13  -21829.3735642   0.063624
  14  -21829.3680126   0.069176
  15  -21829.3659586   0.071230
  16  -21829.3618566   0.075332
  17  -21829.3613724   0.075816
  18  -21829.3605413   0.076647
  19  -21829.3595696   0.077618
  20  -21829.3578089   0.079379
  21  -21829.3552938   0.081894
  22  -21829.3551633   0.082025
  23  -21829.3535058   0.083682
  24  -21829.352894   0.084294
  25  -21829.3494881   0.087700
  26  -21829.3474628   0.089725
  27  -21829.3467197   0.090468
  28  -21829.3456081   0.091580
  29  -21829.3454886   0.091700
  30  -21829.3438058   0.093382
  31  -21829.3398832   0.097305
  32  -21829.3337706   0.103418
  33  -21829.332639   0.104549
  34  -21829.3310607   0.106127
  35  -21829.3239365   0.113252
  36  -21829.3193979   0.117790
  37  -21829.3184417   0.118746
  38  -21829.3174692   0.119719
  39  -21829.3168842   0.120304
  40  -21829.3166537   0.120534
  41  -21829.3165774   0.120611
  42  -21829.3152056   0.121983
  43  -21829.3149434   0.122245
  44  -21829.3128266   0.124362
  45  -21829.3120453   0.125143
  46  -21829.3119573   0.125231
  47  -21829.3107717   0.126416
  48  -21829.3095217   0.127666
  49  -21829.30779   0.129398
  50  -21829.3074169   0.129771
  51  -21829.3050641   0.132124
  52  -21829.3048676   0.132321
  53  -21829.3038296   0.133358
  54  -21829.3018175   0.135371
  55  -21829.3009601   0.136228
  56  -21829.3005683   0.136620
  57  -21829.2997051   0.137483
  58  -21829.2965639   0.140624
  59  -21829.2964657   0.140722
  60  -21829.2962639   0.140924
  61  -21829.2961374   0.141051
  62  -21829.2961108   0.141077
  63  -21829.2943232   0.142865
  64  -21829.294163   0.143025
  65  -21829.2938498   0.143338
  66  -21829.2920504   0.145138
  67  -21829.2898807   0.147307
  68  -21829.2895896   0.147598
  69  -21829.2877637   0.149424
  70  -21829.28547   0.151718
  71  -21829.2846035   0.152585
  72  -21829.2823174   0.154871
  73  -21829.2808076   0.156381
  74  -21829.2799493   0.157239
  75  -21829.2789674   0.158221
  76  -21829.2766332   0.160555
  77  -21829.2761321   0.161056
  78  -21829.2724482   0.164740
  79  -21829.2670595   0.170129
  80  -21829.2668047   0.170383
  81  -21829.2645177   0.172670
  82  -21829.2632794   0.173909
  83  -21829.2630042   0.174184
  84  -21829.2625046   0.174684
  85  -21829.260474   0.176714
  86  -21829.2596063   0.177582
  87  -21829.2567038   0.180484
  88  -21829.2562609   0.180927
  89  -21829.2544379   0.182750
  90  -21829.2530333   0.184155
  91  -21829.2515073   0.185681
  92  -21829.2506315   0.186557
  93  -21829.2502889   0.186899
  94  -21829.2479802   0.189208
  95  -21829.2476588   0.189529
  96  -21829.2475577   0.189630
  97  -21829.2468936   0.190295
  98  -21829.2458877   0.191300
  99  -21829.2446379   0.192550
 100  -21829.2441728   0.193015
 101  -21829.243962   0.193226
 102  -21829.2424649   0.194723
 103  -21829.2418859   0.195302
 104  -21829.2411457   0.196042
 105  -21829.2405426   0.196646
 106  -21829.2405414   0.196647
 107  -21829.2402662   0.196922
 108  -21829.2398532   0.197335
 109  -21829.2398479   0.197340
 110  -21829.2375938   0.199594
 111  -21829.2356403   0.201548
 112  -21829.234291   0.202897
 113  -21829.2342403   0.202948
 114  -21829.2335662   0.203622
 115  -21829.233393   0.203795
 116  -21829.2330481   0.204140
 117  -21829.2324213   0.204767
 118  -21829.2314783   0.205710
 119  -21829.2306584   0.206530
 120  -21829.2301793   0.207009
 121  -21829.2290001   0.208188
 122  -21829.2286742   0.208514
 123  -21829.2284599   0.208728
 124  -21829.2280624   0.209126
 125  -21829.2272764   0.209912
 126  -21829.225708   0.211480
 127  -21829.2256622   0.211526
 128  -21829.2255406   0.211648
 129  -21829.2250951   0.212093
 130  -21829.224882   0.212306
 131  -21829.224656   0.212532
 132  -21829.2242249   0.212963
 133  -21829.2231839   0.214004
 134  -21829.222322   0.214866
 135  -21829.2223204   0.214868
 136  -21829.2211567   0.216031
 137  -21829.2209412   0.216247
 138  -21829.2208069   0.216381
 139  -21829.2202659   0.216922
 140  -21829.219897   0.217291
 141  -21829.2180858   0.219102
 142  -21829.2180624   0.219126
 143  -21829.2174529   0.219735
 144  -21829.2172027   0.219985
 145  -21829.2157155   0.221473
 146  -21829.2141162   0.223072
 147  -21829.2130364   0.224152
 148  -21829.2129989   0.224189
 149  -21829.2121962   0.224992
 150  -21829.2118044   0.225384
 151  -21829.2113824   0.225806
 152  -21829.2113677   0.225820
 153  -21829.2096806   0.227507
 154  -21829.2095141   0.227674
 155  -21829.2087883   0.228400
 156  -21829.2084331   0.228755
 157  -21829.2083197   0.228868
 158  -21829.2080554   0.229133
 159  -21829.2059914   0.231197
 160  -21829.2059767   0.231211
 161  -21829.2036799   0.233508
 162  -21829.2026516   0.234537
 163  -21829.2023608   0.234827
 164  -21829.2016046   0.235584
 165  -21829.2008482   0.236340
 166  -21829.2003975   0.236791
 167  -21829.1992734   0.237915
 168  -21829.1989461   0.238242
 169  -21829.1971178   0.240070
 170  -21829.1968815   0.240307
 171  -21829.1954619   0.241726
 172  -21829.1950841   0.242104
 173  -21829.195023   0.242165
 174  -21829.1948814   0.242307
 175  -21829.1938155   0.243373
 176  -21829.1936169   0.243571
 177  -21829.1931578   0.244030
 178  -21829.1924944   0.244694
 179  -21829.192299   0.244889
 180  -21829.191955   0.245233
 181  -21829.1915948   0.245593
 182  -21829.1908023   0.246386
 183  -21829.1888409   0.248347
 184  -21829.1878937   0.249294
 185  -21829.1871573   0.250031
 186  -21829.186485   0.250703
 187  -21829.185836   0.251352
 188  -21829.1857171   0.251471
 189  -21829.1833343   0.253854
 190  -21829.1828869   0.254301
 191  -21829.1817174   0.255471
 192  -21829.1816586   0.255530
 193  -21829.1814198   0.255768
 194  -21829.1799446   0.257244
 195  -21829.1797149   0.257473
 196  -21829.1795368   0.257651
 197  -21829.1789273   0.258261
 198  -21829.177834   0.259354
 199  -21829.1763661   0.260822
 200  -21829.1763322   0.260856
 201  -21829.1758986   0.261290
 202  -21829.1758319   0.261356
 203  -21829.1750472   0.262141
 204  -21829.1736951   0.263493
 205  -21829.1732064   0.263982
 206  -21829.1731331   0.264055
 207  -21829.1728825   0.264306
 208  -21829.1725717   0.264616
 209  -21829.1718187   0.265369
 210  -21829.1710206   0.266168
 211  -21829.1683084   0.268880
 212  -21829.1677219   0.269466
 213  -21829.1646544   0.272534
 214  -21829.1638259   0.273362
 215  -21829.16243   0.274758
 216  -21829.1602007   0.276987
 217  -21829.1579664   0.279222
 218  -21829.1574137   0.279774
 219  -21829.1527689   0.284419
 220  -21829.1524423   0.284746
 221  -21829.1494212   0.287767
 222  -21829.1479194   0.289269
 223  -21829.1473432   0.289845
 224  -21829.1466091   0.290579
 225  -21829.1446788   0.292509
 226  -21829.1442484   0.292940
 227  -21829.1435826   0.293605
 228  -21829.1434666   0.293722
 229  -21829.1315983   0.305590
 230  -21829.1309084   0.306280
 231  -21829.1293971   0.307791
 232  -21829.1240959   0.313092
 233  -21829.1227763   0.314412
 234  -21829.1177307   0.319457
 235  -21829.1121377   0.325050
 236  -21829.1004073   0.336781
 237  -21829.0989652   0.338223
 238  -21829.0845923   0.352596
 239  -21829.0844526   0.352736
 240  -21829.062649   0.374539
 241  -21829.047687   0.389501
 242  -21829.0380789   0.399109
 243  -21829.0368126   0.400376
 244  -21829.0108811   0.426307
 245  -21828.9998763   0.437312
 246  -21828.9882429   0.448945
