# Relative energy hierarchy for protonated Ac-Lys-NMe conformations
# Calculated with PBE+vdW (tier 2 basis)
# Conf.    Energy./ [eV]     Rel. energy./ [eV]
#
   1  -18220.5242962   0.000000
   2  -18220.4931963   0.031100
   3  -18220.4776561   0.046640
   4  -18220.4580348   0.066261
   5  -18220.4545146   0.069782
   6  -18220.4539279   0.070368
   7  -18220.4527602   0.071536
   8  -18220.445913   0.078383
   9  -18220.4431232   0.081173
  10  -18220.441143   0.083153
  11  -18220.440625   0.083671
  12  -18220.4387291   0.085567
  13  -18220.4348019   0.089494
  14  -18220.4330794   0.091217
  15  -18220.4318904   0.092406
  16  -18220.4302213   0.094075
  17  -18220.4293426   0.094954
  18  -18220.4276358   0.096660
  19  -18220.4255735   0.098723
  20  -18220.4242749   0.100021
  21  -18220.4202583   0.104038
  22  -18220.4188222   0.105474
  23  -18220.4175091   0.106787
  24  -18220.4127923   0.111504
  25  -18220.4092295   0.115067
  26  -18220.4090227   0.115273
  27  -18220.4057285   0.118568
  28  -18220.4030138   0.121282
  29  -18220.3997838   0.124512
  30  -18220.3991198   0.125176
  31  -18220.3956831   0.128613
  32  -18220.3923919   0.131904
  33  -18220.3889533   0.135343
  34  -18220.3835784   0.140718
  35  -18220.3834534   0.140843
  36  -18220.3823824   0.141914
  37  -18220.366214   0.158082
  38  -18220.3653224   0.158974
  39  -18220.3639852   0.160311
  40  -18220.3590317   0.165264
  41  -18220.3526751   0.171621
  42  -18220.3521638   0.172132
  43  -18220.3518265   0.172470
  44  -18220.3475672   0.176729
  45  -18220.3474167   0.176880
  46  -18220.3463751   0.177921
  47  -18220.3450121   0.179284
  48  -18220.3438753   0.180421
  49  -18220.3428656   0.181431
  50  -18220.3406487   0.183648
  51  -18220.3351475   0.189149
  52  -18220.3349719   0.189324
  53  -18220.3339179   0.190378
  54  -18220.3332907   0.191006
  55  -18220.3327967   0.191500
  56  -18220.3250295   0.199267
  57  -18220.3237499   0.200546
  58  -18220.3220048   0.202291
  59  -18220.3192165   0.205080
  60  -18220.3183052   0.205991
  61  -18220.3169252   0.207371
  62  -18220.3167164   0.207580
  63  -18220.3146265   0.209670
  64  -18220.3139419   0.210354
  65  -18220.3136502   0.210646
  66  -18220.3128313   0.211465
  67  -18220.3121269   0.212169
  68  -18220.3114279   0.212868
  69  -18220.3110692   0.213227
  70  -18220.3094028   0.214893
  71  -18220.3072932   0.217003
  72  -18220.3067711   0.217525
  73  -18220.3027955   0.221501
  74  -18220.3021202   0.222176
  75  -18220.2978857   0.226410
  76  -18220.2940075   0.230289
  77  -18220.2939915   0.230305
  78  -18220.2923988   0.231897
  79  -18220.2920683   0.232228
  80  -18220.2908622   0.233434
  81  -18220.2899155   0.234381
  82  -18220.2877007   0.236596
  83  -18220.2791166   0.245180
  84  -18220.2778319   0.246464
  85  -18220.2769688   0.247327
  86  -18220.2760951   0.248201
  87  -18220.2756899   0.248606
  88  -18220.2719455   0.252351
  89  -18220.2660149   0.258281
  90  -18220.2632915   0.261005
  91  -18220.2612037   0.263093
  92  -18220.259248   0.265048
  93  -18220.2582168   0.266079
  94  -18220.2578401   0.266456
  95  -18220.2575204   0.266776
  96  -18220.2570507   0.267246
  97  -18220.2560963   0.268200
  98  -18220.251862   0.272434
  99  -18220.2503654   0.273931
 100  -18220.2466024   0.277694
 101  -18220.2459635   0.278333
 102  -18220.2417243   0.282572
 103  -18220.2407484   0.283548
 104  -18220.2351454   0.289151
 105  -18220.2334159   0.290880
 106  -18220.2304689   0.293827
 107  -18220.2276148   0.296681
 108  -18220.2252797   0.299017
 109  -18220.2248359   0.299460
 110  -18220.2247483   0.299548
 111  -18220.2240952   0.300201
 112  -18220.2223773   0.301919
 113  -18220.2194348   0.304861
 114  -18220.2176427   0.306653
 115  -18220.2175788   0.306717
 116  -18220.2149103   0.309386
 117  -18220.2081852   0.316111
 118  -18220.2079109   0.316385
 119  -18220.2073663   0.316930
 120  -18220.2062253   0.318071
 121  -18220.2055814   0.318715
 122  -18220.2019386   0.322358
 123  -18220.2007234   0.323573
 124  -18220.1959804   0.328316
 125  -18220.195531   0.328765
 126  -18220.1952012   0.329095
 127  -18220.1949544   0.329342
 128  -18220.1915506   0.332746
 129  -18220.1909313   0.333365
 130  -18220.190587   0.333709
 131  -18220.1884568   0.335839
 132  -18220.1859035   0.338393
 133  -18220.1851278   0.339168
 134  -18220.1850957   0.339201
 135  -18220.1849481   0.339348
 136  -18220.1838222   0.340474
 137  -18220.1799804   0.344316
 138  -18220.1766809   0.347615
 139  -18220.1754985   0.348798
 140  -18220.1742301   0.350066
 141  -18220.1721421   0.352154
 142  -18220.171521   0.352775
 143  -18220.1676077   0.356689
 144  -18220.1665678   0.357728
 145  -18220.1661437   0.358153
 146  -18220.1655328   0.358763
 147  -18220.1642882   0.360008
 148  -18220.1631394   0.361157
 149  -18220.1604519   0.363844
 150  -18220.1584843   0.365812
 151  -18220.1557325   0.368564
 152  -18220.1537253   0.370571
 153  -18220.1526986   0.371598
 154  -18220.1491221   0.375174
 155  -18220.1439859   0.380310
 156  -18220.1439347   0.380361
 157  -18220.1426663   0.381630
 158  -18220.14224   0.382056
 159  -18220.1417039   0.382592
 160  -18220.1412103   0.383086
 161  -18220.1406097   0.383687
 162  -18220.1394381   0.384858
 163  -18220.1389405   0.385356
 164  -18220.1373097   0.386987
 165  -18220.1350599   0.389236
 166  -18220.1327938   0.391502
 167  -18220.1305523   0.393744
 168  -18220.1303289   0.393967
 169  -18220.1295882   0.394708
 170  -18220.1284187   0.395878
 171  -18220.128194   0.396102
 172  -18220.1249539   0.399342
 173  -18220.1188328   0.405463
 174  -18220.1186312   0.405665
 175  -18220.1165991   0.407697
 176  -18220.1162813   0.408015
 177  -18220.1156298   0.408666
 178  -18220.115428   0.408868
 179  -18220.1118897   0.412406
 180  -18220.1101078   0.414188
 181  -18220.1093194   0.414977
 182  -18220.1092682   0.415028
 183  -18220.107674   0.416622
 184  -18220.1057744   0.418522
 185  -18220.1051011   0.419195
 186  -18220.1039446   0.420352
 187  -18220.1031527   0.421143
 188  -18220.1013963   0.422900
 189  -18220.0950999   0.429196
 190  -18220.0949935   0.429303
 191  -18220.094445   0.429851
 192  -18220.0935344   0.430762
 193  -18220.0934643   0.430832
 194  -18220.0905007   0.433796
 195  -18220.0884168   0.435879
 196  -18220.0874733   0.436823
 197  -18220.0852143   0.439082
 198  -18220.0816967   0.442600
 199  -18220.0807682   0.443528
 200  -18220.0795949   0.444701
 201  -18220.0786097   0.445687
 202  -18220.0750806   0.449216
 203  -18220.0742228   0.450073
 204  -18220.0740166   0.450280
 205  -18220.0735395   0.450757
 206  -18220.0732109   0.451085
 207  -18220.0724456   0.451851
 208  -18220.0715767   0.452720
 209  -18220.0705073   0.453789
 210  -18220.0682116   0.456085
 211  -18220.0672355   0.457061
 212  -18220.0633223   0.460974
 213  -18220.063044   0.461252
 214  -18220.0618761   0.462420
 215  -18220.060832   0.463464
 216  -18220.0599583   0.464338
 217  -18220.054269   0.470027
 218  -18220.0539769   0.470319
 219  -18220.0539025   0.470394
 220  -18220.0536301   0.470666
 221  -18220.0530134   0.471283
 222  -18220.0505945   0.473702
 223  -18220.0481032   0.476193
 224  -18220.0446951   0.479601
 225  -18220.0421194   0.482177
 226  -18220.0404003   0.483896
 227  -18220.0394152   0.484881
 228  -18220.0391474   0.485149
 229  -18220.0389403   0.485356
 230  -18220.0361741   0.488122
 231  -18220.0355474   0.488749
 232  -18220.0308344   0.493462
 233  -18220.0271533   0.497143
 234  -18220.0263501   0.497946
 235  -18220.0218368   0.502459
 236  -18220.0195961   0.504700
 237  -18220.0189348   0.505361
 238  -18220.0165172   0.507779
 239  -18220.0150517   0.509245
 240  -18220.0141877   0.510109
 241  -18220.008179   0.516117
 242  -18220.0069896   0.517307
 243  -18220.006887   0.517409
 244  -18220.0060396   0.518257
 245  -18220.0051811   0.519115
 246  -18220.0049333   0.519363
 247  -18220.0022381   0.522058
 248  -18220.001228   0.523068
 249  -18220.0007191   0.523577
 250  -18219.9992217   0.525075
 251  -18219.9947033   0.529593
 252  -18219.9945848   0.529711
 253  -18219.9846771   0.539619
 254  -18219.9803027   0.543993
 255  -18219.9799592   0.544337
 256  -18219.979393   0.544903
 257  -18219.9786697   0.545626
 258  -18219.9767976   0.547499
 259  -18219.973308   0.550988
 260  -18219.9730856   0.551211
 261  -18219.9713465   0.552950
 262  -18219.9707703   0.553526
 263  -18219.9704875   0.553809
 264  -18219.9698345   0.554462
 265  -18219.969255   0.555041
 266  -18219.9677711   0.556525
 267  -18219.9665299   0.557766
 268  -18219.963723   0.560573
 269  -18219.9566017   0.567695
 270  -18219.956564   0.567732
 271  -18219.9545936   0.569703
 272  -18219.9540521   0.570244
 273  -18219.9504127   0.573884
 274  -18219.9483288   0.575967
 275  -18219.947324   0.576972
 276  -18219.9442044   0.580092
 277  -18219.9427874   0.581509
 278  -18219.9419818   0.582314
 279  -18219.9416026   0.582694
 280  -18219.9397968   0.584499
 281  -18219.9391986   0.585098
 282  -18219.9342425   0.590054
 283  -18219.9309109   0.593385
 284  -18219.9291912   0.595105
 285  -18219.9277515   0.596545
 286  -18219.9257217   0.598574
 287  -18219.9249003   0.599396
 288  -18219.9223351   0.601961
 289  -18219.9214604   0.602836
 290  -18219.919733   0.604563
 291  -18219.9187421   0.605554
 292  -18219.9174744   0.606822
 293  -18219.9160137   0.608283
 294  -18219.913706   0.610590
 295  -18219.9122324   0.612064
 296  -18219.9114937   0.612802
 297  -18219.9108725   0.613424
 298  -18219.9105187   0.613778
 299  -18219.9087162   0.615580
 300  -18219.9079347   0.616362
 301  -18219.9069863   0.617310
 302  -18219.9031853   0.621111
 303  -18219.9029253   0.621371
 304  -18219.9019438   0.622352
 305  -18219.9008156   0.623481
 306  -18219.9007286   0.623568
 307  -18219.8974743   0.626822
 308  -18219.8974469   0.626849
 309  -18219.8968748   0.627421
 310  -18219.8959974   0.628299
 311  -18219.89314   0.631156
 312  -18219.8904833   0.633813
 313  -18219.8896435   0.634653
 314  -18219.8876363   0.636660
 315  -18219.8873593   0.636937
 316  -18219.8867113   0.637585
 317  -18219.8860907   0.638205
 318  -18219.8852101   0.639086
 319  -18219.88508   0.639216
 320  -18219.8812402   0.643056
 321  -18219.8803281   0.643968
 322  -18219.876058   0.648238
 323  -18219.8757272   0.648569
 324  -18219.8744677   0.649829
 325  -18219.8685386   0.655758
 326  -18219.866933   0.657363
 327  -18219.8666669   0.657629
 328  -18219.8662116   0.658085
 329  -18219.8658471   0.658449
 330  -18219.8632807   0.661016
 331  -18219.8622683   0.662028
 332  -18219.8579024   0.666394
 333  -18219.8570448   0.667251
 334  -18219.8528435   0.671453
 335  -18219.8526306   0.671666
 336  -18219.8517842   0.672512
 337  -18219.8514232   0.672873
 338  -18219.8491151   0.675181
 339  -18219.8460824   0.678214
 340  -18219.8456052   0.678691
 341  -18219.8416389   0.682657
 342  -18219.8401082   0.684188
 343  -18219.8385014   0.685795
 344  -18219.8377498   0.686546
 345  -18219.8341576   0.690139
 346  -18219.8322465   0.692050
 347  -18219.8316595   0.692637
 348  -18219.8309546   0.693342
 349  -18219.8309458   0.693350
 350  -18219.830937   0.693359
 351  -18219.83042   0.693876
 352  -18219.8292735   0.695023
 353  -18219.827711   0.696585
 354  -18219.8234448   0.700851
 355  -18219.8220851   0.702211
 356  -18219.8212221   0.703074
 357  -18219.8155139   0.708782
 358  -18219.8152181   0.709078
 359  -18219.8114115   0.712885
 360  -18219.8096624   0.714634
 361  -18219.8096243   0.714672
 362  -18219.8086555   0.715641
 363  -18219.8069406   0.717356
 364  -18219.8007489   0.723547
 365  -18219.7990187   0.725278
 366  -18219.7985206   0.725776
 367  -18219.7982828   0.726013
 368  -18219.7962046   0.728092
 369  -18219.7929175   0.731379
 370  -18219.7912666   0.733030
 371  -18219.7837558   0.740540
 372  -18219.7830674   0.741229
 373  -18219.7811637   0.743132
 374  -18219.7786599   0.745636
 375  -18219.777044   0.747252
 376  -18219.774455   0.749841
 377  -18219.7697304   0.754566
 378  -18219.7672177   0.757079
 379  -18219.7666238   0.757672
 380  -18219.7617336   0.762563
 381  -18219.760759   0.763537
 382  -18219.7567683   0.767528
 383  -18219.7566082   0.767688
 384  -18219.7559278   0.768368
 385  -18219.7554788   0.768817
 386  -18219.754613   0.769683
 387  -18219.7532602   0.771036
 388  -18219.7526007   0.771695
 389  -18219.7524523   0.771844
 390  -18219.7506191   0.773677
 391  -18219.7485179   0.775778
 392  -18219.7483615   0.775935
 393  -18219.7417574   0.782539
 394  -18219.7408707   0.783426
 395  -18219.7400195   0.784277
 396  -18219.7397587   0.784537
 397  -18219.7385472   0.785749
 398  -18219.7384613   0.785835
 399  -18219.7351059   0.789190
 400  -18219.7334483   0.790848
 401  -18219.7264589   0.797837
 402  -18219.7256477   0.798649
 403  -18219.7245048   0.799791
 404  -18219.721194   0.803102
 405  -18219.7205662   0.803730
 406  -18219.7166964   0.807600
 407  -18219.7133679   0.810928
 408  -18219.7113847   0.812912
 409  -18219.7110236   0.813273
 410  -18219.7096918   0.814604
 411  -18219.7067128   0.817583
 412  -18219.7066726   0.817624
 413  -18219.7023668   0.821929
 414  -18219.6972081   0.827088
 415  -18219.6923442   0.831952
 416  -18219.6915895   0.832707
 417  -18219.6874564   0.836840
 418  -18219.6839547   0.840341
 419  -18219.6763845   0.847912
 420  -18219.6718384   0.852458
 421  -18219.6712863   0.853010
 422  -18219.6697308   0.854565
 423  -18219.6678714   0.856425
 424  -18219.6672159   0.857080
 425  -18219.666422   0.857874
 426  -18219.6657498   0.858546
 427  -18219.6647093   0.859587
 428  -18219.6635025   0.860794
 429  -18219.6588735   0.865423
 430  -18219.656898   0.867398
 431  -18219.6546624   0.869634
 432  -18219.6509304   0.873366
 433  -18219.6498023   0.874494
 434  -18219.6479171   0.876379
 435  -18219.6468818   0.877414
 436  -18219.6426155   0.881681
 437  -18219.641256   0.883040
 438  -18219.6402987   0.883998
 439  -18219.6373979   0.886898
 440  -18219.636672   0.887624
 441  -18219.6348952   0.889401
 442  -18219.6331638   0.891132
 443  -18219.6277906   0.896506
 444  -18219.6263287   0.897968
 445  -18219.6251254   0.899171
 446  -18219.6246264   0.899670
 447  -18219.6236493   0.900647
 448  -18219.6219842   0.902312
 449  -18219.6215624   0.902734
 450  -18219.6199056   0.904391
 451  -18219.6134441   0.910852
 452  -18219.6123975   0.911899
 453  -18219.6111451   0.913151
 454  -18219.6109402   0.913356
 455  -18219.6078042   0.916492
 456  -18219.6055823   0.918714
 457  -18219.5971403   0.927156
 458  -18219.595839   0.928457
 459  -18219.5956124   0.928684
 460  -18219.5952189   0.929077
 461  -18219.5949671   0.929329
 462  -18219.5917585   0.932538
 463  -18219.5908419   0.933454
 464  -18219.5895861   0.934710
 465  -18219.5882081   0.936088
 466  -18219.585402   0.938894
 467  -18219.5842425   0.940054
 468  -18219.5827255   0.941571
 469  -18219.5805289   0.943767
 470  -18219.5796864   0.944610
 471  -18219.5785413   0.945755
 472  -18219.5768184   0.947478
 473  -18219.5762265   0.948070
 474  -18219.5760963   0.948200
 475  -18219.5743937   0.949903
 476  -18219.5733776   0.950919
 477  -18219.5706895   0.953607
 478  -18219.5706271   0.953669
 479  -18219.5690925   0.955204
 480  -18219.5686016   0.955695
 481  -18219.5674538   0.956842
 482  -18219.5674504   0.956846
 483  -18219.5664959   0.957800
 484  -18219.5647833   0.959513
 485  -18219.5636133   0.960683
 486  -18219.561515   0.962781
 487  -18219.5608536   0.963443
 488  -18219.5589055   0.965391
 489  -18219.5588525   0.965444
 490  -18219.5558234   0.968473
 491  -18219.5552725   0.969024
 492  -18219.5539878   0.970308
 493  -18219.5469597   0.977337
 494  -18219.546227   0.978069
 495  -18219.5441238   0.980172
 496  -18219.5403117   0.983985
 497  -18219.5403073   0.983989
 498  -18219.535811   0.988485
 499  -18219.5247681   0.999528
 500  -18219.5245248   0.999771
 501  -18219.5190882   1.005208
 502  -18219.5190558   1.005240
 503  -18219.5190558   1.005240
 504  -18219.5116648   1.012631
 505  -18219.5114893   1.012807
 506  -18219.5068721   1.017424
 507  -18219.5065365   1.017760
 508  -18219.5060106   1.018286
 509  -18219.5060074   1.018289
 510  -18219.5054083   1.018888
 511  -18219.504432   1.019864
 512  -18219.5044016   1.019895
 513  -18219.5024275   1.021869
 514  -18219.5018709   1.022425
 515  -18219.5005935   1.023703
 516  -18219.4981475   1.026149
 517  -18219.4976246   1.026672
 518  -18219.4919212   1.032375
 519  -18219.4904251   1.033871
 520  -18219.488032   1.036264
 521  -18219.4862952   1.038001
 522  -18219.4850783   1.039218
 523  -18219.482711   1.041585
 524  -18219.4803083   1.043988
 525  -18219.4784478   1.045848
 526  -18219.4769004   1.047396
 527  -18219.4763932   1.047903
 528  -18219.4757775   1.048519
 529  -18219.4746625   1.049634
 530  -18219.4728988   1.051397
 531  -18219.4724026   1.051894
 532  -18219.4718351   1.052461
 533  -18219.4714266   1.052870
 534  -18219.4702781   1.054018
 535  -18219.4690812   1.055215
 536  -18219.4684976   1.055799
 537  -18219.462322   1.061974
 538  -18219.4597297   1.064567
 539  -18219.4596246   1.064672
 540  -18219.4548766   1.069420
 541  -18219.4532156   1.071081
 542  -18219.4501699   1.074126
 543  -18219.4491445   1.075152
 544  -18219.4440939   1.080202
 545  -18219.4433813   1.080915
 546  -18219.4408859   1.083410
 547  -18219.4395179   1.084778
 548  -18219.4365811   1.087715
 549  -18219.4364872   1.087809
 550  -18219.4332501   1.091046
 551  -18219.4284148   1.095881
 552  -18219.4275743   1.096722
 553  -18219.4266647   1.097632
 554  -18219.4262034   1.098093
 555  -18219.4239893   1.100307
 556  -18219.4199902   1.104306
 557  -18219.4146472   1.109649
 558  -18219.4135385   1.110758
 559  -18219.4115619   1.112734
 560  -18219.4098277   1.114468
 561  -18219.4089484   1.115348
 562  -18219.4081659   1.116130
 563  -18219.4055092   1.118787
 564  -18219.4032075   1.121089
 565  -18219.402854   1.121442
 566  -18219.4002903   1.124006
 567  -18219.40003   1.124266
 568  -18219.399204   1.125092
 569  -18219.397737   1.126559
 570  -18219.3954765   1.128820
 571  -18219.3945095   1.129787
 572  -18219.3938086   1.130488
 573  -18219.393109   1.131187
 574  -18219.3926799   1.131616
 575  -18219.391687   1.132609
 576  -18219.3900878   1.134208
 577  -18219.3899565   1.134340
 578  -18219.3872322   1.137064
 579  -18219.3868274   1.137469
 580  -18219.3867462   1.137550
 581  -18219.3856438   1.138652
 582  -18219.3833731   1.140923
 583  -18219.3806128   1.143683
 584  -18219.3773739   1.146922
 585  -18219.3765221   1.147774
 586  -18219.3759654   1.148331
 587  -18219.3753099   1.148986
 588  -18219.3717544   1.152542
 589  -18219.3708024   1.153494
 590  -18219.3705971   1.153699
 591  -18219.3695048   1.154791
 592  -18219.3652775   1.159019
 593  -18219.361688   1.162608
 594  -18219.3567027   1.167594
 595  -18219.3553154   1.168981
 596  -18219.3494999   1.174796
 597  -18219.3477258   1.176570
 598  -18219.3467782   1.177518
 599  -18219.3416169   1.182679
 600  -18219.3402665   1.184030
 601  -18219.3385812   1.185715
 602  -18219.3384259   1.185870
 603  -18219.3370848   1.187211
 604  -18219.3358272   1.188469
 605  -18219.3340255   1.190271
 606  -18219.3321237   1.192173
 607  -18219.3304249   1.193871
 608  -18219.3301883   1.194108
 609  -18219.3300692   1.194227
 610  -18219.3283   1.195996
 611  -18219.3258967   1.198400
 612  -18219.3248785   1.199418
 613  -18219.3226985   1.201598
 614  -18219.3209687   1.203327
 615  -18219.3207627   1.203534
 616  -18219.3198822   1.204414
 617  -18219.319757   1.204539
 618  -18219.3171731   1.207123
 619  -18219.3169595   1.207337
 620  -18219.3138683   1.210428
 621  -18219.3131499   1.211146
 622  -18219.3099258   1.214370
 623  -18219.3095631   1.214733
 624  -18219.3082971   1.215999
 625  -18219.3067456   1.217551
 626  -18219.3033675   1.220929
 627  -18219.3023596   1.221937
 628  -18219.3017576   1.222539
 629  -18219.3000935   1.224203
 630  -18219.2998032   1.224493
 631  -18219.2983207   1.225976
 632  -18219.2933072   1.230989
 633  -18219.2901099   1.234186
 634  -18219.2899467   1.234350
 635  -18219.2895421   1.234754
 636  -18219.2884426   1.235854
 637  -18219.2870187   1.237278
 638  -18219.2864562   1.237840
 639  -18219.2850669   1.239229
 640  -18219.2798893   1.244407
 641  -18219.2789952   1.245301
 642  -18219.2762541   1.248042
 643  -18219.2751365   1.249160
 644  -18219.2749284   1.249368
 645  -18219.2743077   1.249988
 646  -18219.2714984   1.252798
 647  -18219.2706109   1.253685
 648  -18219.2682761   1.256020
 649  -18219.2655812   1.258715
 650  -18219.2649386   1.259358
 651  -18219.264115   1.260181
 652  -18219.2622361   1.262060
 653  -18219.2595164   1.264780
 654  -18219.258336   1.265960
 655  -18219.2536448   1.270651
 656  -18219.2529054   1.271391
 657  -18219.2507999   1.273496
 658  -18219.247154   1.277142
 659  -18219.2462641   1.278032
 660  -18219.2452715   1.279025
 661  -18219.2446576   1.279639
 662  -18219.2443158   1.279980
 663  -18219.2438379   1.280458
 664  -18219.2435051   1.280791
 665  -18219.2414699   1.282826
 666  -18219.2408441   1.283452
 667  -18219.2347239   1.289572
 668  -18219.2314517   1.292844
 669  -18219.2313467   1.292950
 670  -18219.2296959   1.294600
 671  -18219.2296193   1.294677
 672  -18219.2291086   1.295188
 673  -18219.2290596   1.295237
 674  -18219.22659   1.297706
 675  -18219.2258958   1.298400
 676  -18219.2248327   1.299463
 677  -18219.2237013   1.300595
 678  -18219.2230813   1.301215
 679  -18219.2221567   1.302139
 680  -18219.2206437   1.303653
 681  -18219.2204014   1.303895
 682  -18219.2176483   1.306648
 683  -18219.2170922   1.307204
 684  -18219.2166994   1.307597
 685  -18219.2151173   1.309179
 686  -18219.2125721   1.311724
 687  -18219.2124518   1.311844
 688  -18219.212246   1.312050
 689  -18219.2119675   1.312329
 690  -18219.2112726   1.313024
 691  -18219.2106197   1.313677
 692  -18219.2106038   1.313692
 693  -18219.2094098   1.314886
 694  -18219.2088083   1.315488
 695  -18219.208121   1.316175
 696  -18219.2078656   1.316431
 697  -18219.2069407   1.317355
 698  -18219.206887   1.317409
 699  -18219.1998462   1.324450
 700  -18219.1996083   1.324688
 701  -18219.1981482   1.326148
 702  -18219.1975075   1.326789
 703  -18219.197248   1.327048
 704  -18219.1967142   1.327582
 705  -18219.1952932   1.329003
 706  -18219.1845714   1.339725
 707  -18219.1770739   1.347222
 708  -18219.1770076   1.347289
 709  -18219.1742884   1.350008
 710  -18219.173867   1.350429
 711  -18219.1730412   1.351255
 712  -18219.1700741   1.354222
 713  -18219.1698541   1.354442
 714  -18219.1690363   1.355260
 715  -18219.1685794   1.355717
 716  -18219.1680526   1.356244
 717  -18219.166961   1.357335
 718  -18219.1660295   1.358267
 719  -18219.1657141   1.358582
 720  -18219.1653377   1.358959
 721  -18219.1650836   1.359213
 722  -18219.1645132   1.359783
 723  -18219.1645033   1.359793
 724  -18219.1631147   1.361182
 725  -18219.1623056   1.361991
 726  -18219.1618794   1.362417
 727  -18219.15663   1.367666
 728  -18219.1538453   1.370451
 729  -18219.1493977   1.374899
 730  -18219.143486   1.380810
 731  -18219.1427546   1.381542
 732  -18219.1411034   1.383193
 733  -18219.1409224   1.383374
 734  -18219.139797   1.384499
 735  -18219.1395313   1.384765
 736  -18219.1347883   1.389508
 737  -18219.1315812   1.392715
 738  -18219.1294054   1.394891
 739  -18219.1290565   1.395240
 740  -18219.1280481   1.396248
 741  -18219.1210929   1.403203
 742  -18219.1122999   1.411996
 743  -18219.1112761   1.413020
 744  -18219.1102507   1.414046
 745  -18219.1079237   1.416372
 746  -18219.1072591   1.417037
 747  -18219.1071322   1.417164
 748  -18219.1057151   1.418581
 749  -18219.1055599   1.418736
 750  -18219.1053462   1.418950
 751  -18219.1052957   1.419001
 752  -18219.1050115   1.419285
 753  -18219.1043085   1.419988
 754  -18219.1027959   1.421500
 755  -18219.1010778   1.423218
 756  -18219.1002524   1.424044
 757  -18219.098817   1.425479
 758  -18219.0967241   1.427572
 759  -18219.0966436   1.427653
 760  -18219.0949515   1.429345
 761  -18219.0944984   1.429798
 762  -18219.0933896   1.430907
 763  -18219.0917522   1.432544
 764  -18219.0909425   1.433354
 765  -18219.0881209   1.436175
 766  -18219.0873582   1.436938
 767  -18219.0795241   1.444772
 768  -18219.0760285   1.448268
 769  -18219.0740217   1.450275
 770  -18219.0738886   1.450408
 771  -18219.0723211   1.451975
 772  -18219.0709448   1.453351
 773  -18219.066165   1.458131
 774  -18219.0628833   1.461413
 775  -18219.0627424   1.461554
 776  -18219.0621473   1.462149
 777  -18219.0606724   1.463624
 778  -18219.0585748   1.465721
 779  -18219.0577039   1.466592
 780  -18219.055768   1.468528
 781  -18219.052692   1.471604
 782  -18219.0503119   1.473984
 783  -18219.050192   1.474104
 784  -18219.0499157   1.474380
 785  -18219.0498992   1.474397
 786  -18219.0461821   1.478114
 787  -18219.0390959   1.485200
 788  -18219.0370435   1.487253
 789  -18219.0361039   1.488192
 790  -18219.0339699   1.490326
 791  -18219.0337169   1.490579
 792  -18219.0304531   1.493843
 793  -18219.0271159   1.497180
 794  -18219.0237177   1.500578
 795  -18219.0167427   1.507553
 796  -18219.0135333   1.510763
 797  -18219.0132366   1.511060
 798  -18219.0125577   1.511739
 799  -18219.0095005   1.514796
 800  -18219.0066624   1.517634
 801  -18219.0061924   1.518104
 802  -18219.0054723   1.518824
 803  -18219.0005311   1.523765
 804  -18219.0001248   1.524171
 805  -18218.9997761   1.524520
 806  -18218.9975853   1.526711
 807  -18218.9967035   1.527593
 808  -18218.9925329   1.531763
 809  -18218.9873847   1.536911
 810  -18218.9855451   1.538751
 811  -18218.9834298   1.540866
 812  -18218.9829195   1.541377
 813  -18218.9818796   1.542417
 814  -18218.9816281   1.542668
 815  -18218.9798748   1.544421
 816  -18218.9786662   1.545630
 817  -18218.9784967   1.545799
 818  -18218.9778511   1.546445
 819  -18218.9732284   1.551068
 820  -18218.9724231   1.551873
 821  -18218.9704366   1.553860
 822  -18218.9699723   1.554324
 823  -18218.9658653   1.558431
 824  -18218.9635427   1.560754
 825  -18218.9573091   1.566987
 826  -18218.9568108   1.567485
 827  -18218.9560842   1.568212
 828  -18218.9533365   1.570960
 829  -18218.9528454   1.571451
 830  -18218.9468253   1.577471
 831  -18218.9461736   1.578123
 832  -18218.9396861   1.584610
 833  -18218.9388838   1.585412
 834  -18218.9386049   1.585691
 835  -18218.9384468   1.585849
 836  -18218.9382559   1.586040
 837  -18218.9380355   1.586261
 838  -18218.9374189   1.586877
 839  -18218.9370415   1.587255
 840  -18218.9352774   1.589019
 841  -18218.917186   1.607110
 842  -18218.9142197   1.610077
 843  -18218.9014058   1.622890
 844  -18218.8994197   1.624877
 845  -18218.8974924   1.626804
 846  -18218.8945883   1.629708
 847  -18218.8921956   1.632101
 848  -18218.8918748   1.632421
 849  -18218.8819396   1.642357
 850  -18218.8747445   1.649552
 851  -18218.8724209   1.651875
 852  -18218.8690864   1.655210
 853  -18218.8661083   1.658188
 854  -18218.8659196   1.658377
 855  -18218.8610121   1.663284
 856  -18218.854162   1.670134
 857  -18218.8418958   1.682400
 858  -18218.8396325   1.684664
 859  -18218.8378351   1.686461
 860  -18218.834959   1.689337
 861  -18218.8256055   1.698691
 862  -18218.8253718   1.698924
 863  -18218.8228906   1.701406
 864  -18218.8111863   1.713110
 865  -18218.8015679   1.722728
 866  -18218.7753023   1.748994
 867  -18218.7719095   1.752387
 868  -18218.7677514   1.756545
 869  -18218.7636408   1.760655
 870  -18218.758372   1.765924
 871  -18218.7449299   1.779366
 872  -18218.7229832   1.801313
 873  -18218.7082623   1.816034
 874  -18218.7043538   1.819942
 875  -18218.6768836   1.847413
 876  -18218.6768695   1.847427
 877  -18218.6611615   1.863135
 878  -18218.6567715   1.867525
 879  -18218.6550979   1.869198
 880  -18218.6508525   1.873444
 881  -18218.6434342   1.880862
 882  -18218.6407516   1.883545
 883  -18218.6353902   1.888906
 884  -18218.6148803   1.909416
 885  -18218.5895214   1.934775
 886  -18218.5321147   1.992182
 887  -18218.5303961   1.993900
 888  -18218.5175878   2.006708
 889  -18218.4888206   2.035476
 890  -18218.482588   2.041708
 891  -18218.4818571   2.042439
 892  -18218.4615228   2.062773
 893  -18218.4578564   2.066440
 894  -18218.4515386   2.072758
 895  -18218.4367912   2.087505
 896  -18218.4244409   2.099855
 897  -18218.415031   2.109265
 898  -18218.3767994   2.147497
