# Relative energy hierarchy for Arg conformations
# Calculated with PBE+vdW (tier 2 basis)
# Conf.    Energy./ [eV]     Rel. energy./ [eV]
#
   1  -16508.027863   0.000000
   2  -16508.025590   0.002273
   3  -16508.024095   0.003768
   4  -16508.017620   0.010243
   5  -16508.004153   0.023710
   6  -16508.000740   0.027123
   7  -16507.997746   0.030117
   8  -16507.993663   0.034200
   9  -16507.988726   0.039137
  10  -16507.987875   0.039988
  11  -16507.986997   0.040866
  12  -16507.983689   0.044174
  13  -16507.980017   0.047846
  14  -16507.976550   0.051313
  15  -16507.974289   0.053574
  16  -16507.972797   0.055066
  17  -16507.970272   0.057591
  18  -16507.965081   0.062782
  19  -16507.960377   0.067486
  20  -16507.956757   0.071106
  21  -16507.952949   0.074914
  22  -16507.949742   0.078121
  23  -16507.949549   0.078314
  24  -16507.946735   0.081128
  25  -16507.943636   0.084227
  26  -16507.936744   0.091119
  27  -16507.936694   0.091169
  28  -16507.933321   0.094542
  29  -16507.933274   0.094589
  30  -16507.931546   0.096317
  31  -16507.930365   0.097498
  32  -16507.928786   0.099077
  33  -16507.926756   0.101107
  34  -16507.924225   0.103638
  35  -16507.920962   0.106901
  36  -16507.920841   0.107022
  37  -16507.920686   0.107177
  38  -16507.920597   0.107266
  39  -16507.920463   0.107400
  40  -16507.919068   0.108795
  41  -16507.918438   0.109425
  42  -16507.915989   0.111874
  43  -16507.914525   0.113338
  44  -16507.912185   0.115678
  45  -16507.911484   0.116379
  46  -16507.910043   0.117820
  47  -16507.908953   0.118910
  48  -16507.902471   0.125392
  49  -16507.901300   0.126563
  50  -16507.898500   0.129363
  51  -16507.898122   0.129741
  52  -16507.897121   0.130742
  53  -16507.897041   0.130822
  54  -16507.897015   0.130848
  55  -16507.896545   0.131318
  56  -16507.896380   0.131483
  57  -16507.895661   0.132202
  58  -16507.894115   0.133748
  59  -16507.892010   0.135853
  60  -16507.891749   0.136114
  61  -16507.890800   0.137063
  62  -16507.886021   0.141842
  63  -16507.885726   0.142137
  64  -16507.885651   0.142212
  65  -16507.885035   0.142828
  66  -16507.882343   0.145520
  67  -16507.881227   0.146636
  68  -16507.881057   0.146806
  69  -16507.877946   0.149917
  70  -16507.877631   0.150232
  71  -16507.877544   0.150319
  72  -16507.877348   0.150515
  73  -16507.874696   0.153167
  74  -16507.874610   0.153253
  75  -16507.874563   0.153300
  76  -16507.874546   0.153317
  77  -16507.872675   0.155188
  78  -16507.871976   0.155887
  79  -16507.870882   0.156981
  80  -16507.870584   0.157279
  81  -16507.870123   0.157740
  82  -16507.868052   0.159811
  83  -16507.867963   0.159900
  84  -16507.866825   0.161038
  85  -16507.866566   0.161297
  86  -16507.865052   0.162811
  87  -16507.860371   0.167492
  88  -16507.859695   0.168168
  89  -16507.856999   0.170864
  90  -16507.856335   0.171528
  91  -16507.856211   0.171652
  92  -16507.855508   0.172355
  93  -16507.851706   0.176157
  94  -16507.851585   0.176278
  95  -16507.849761   0.178102
  96  -16507.847299   0.180564
  97  -16507.847170   0.180693
  98  -16507.846949   0.180914
  99  -16507.846654   0.181209
 100  -16507.846315   0.181548
 101  -16507.846205   0.181658
 102  -16507.844623   0.183240
 103  -16507.844599   0.183264
 104  -16507.841767   0.186096
 105  -16507.841652   0.186211
 106  -16507.840765   0.187098
 107  -16507.840281   0.187582
 108  -16507.839449   0.188414
 109  -16507.838109   0.189754
 110  -16507.837396   0.190467
 111  -16507.837280   0.190583
 112  -16507.837033   0.190830
 113  -16507.834313   0.193550
 114  -16507.834218   0.193645
 115  -16507.833929   0.193934
 116  -16507.833227   0.194636
 117  -16507.832779   0.195084
 118  -16507.832571   0.195292
 119  -16507.831730   0.196133
 120  -16507.831419   0.196444
 121  -16507.830890   0.196973
 122  -16507.830705   0.197158
 123  -16507.829755   0.198108
 124  -16507.828587   0.199276
 125  -16507.828475   0.199388
 126  -16507.826422   0.201441
 127  -16507.826223   0.201640
 128  -16507.825242   0.202621
 129  -16507.825160   0.202703
 130  -16507.824873   0.202990
 131  -16507.824265   0.203598
 132  -16507.823746   0.204117
 133  -16507.822922   0.204941
 134  -16507.822405   0.205458
 135  -16507.821943   0.205920
 136  -16507.821194   0.206669
 137  -16507.820560   0.207303
 138  -16507.820346   0.207517
 139  -16507.820336   0.207527
 140  -16507.820011   0.207852
 141  -16507.819806   0.208057
 142  -16507.819789   0.208074
 143  -16507.818852   0.209011
 144  -16507.818761   0.209102
 145  -16507.818495   0.209368
 146  -16507.817770   0.210093
 147  -16507.817414   0.210449
 148  -16507.817231   0.210632
 149  -16507.816265   0.211598
 150  -16507.815655   0.212208
 151  -16507.815601   0.212262
 152  -16507.815571   0.212292
 153  -16507.815219   0.212644
 154  -16507.814127   0.213736
 155  -16507.813843   0.214020
 156  -16507.813161   0.214702
 157  -16507.812728   0.215135
 158  -16507.812658   0.215205
 159  -16507.811757   0.216106
 160  -16507.811655   0.216208
 161  -16507.810973   0.216890
 162  -16507.810655   0.217208
 163  -16507.810082   0.217781
 164  -16507.809965   0.217898
 165  -16507.809248   0.218615
 166  -16507.808783   0.219080
 167  -16507.807250   0.220613
 168  -16507.806983   0.220880
 169  -16507.806931   0.220932
 170  -16507.805817   0.222046
 171  -16507.805511   0.222352
 172  -16507.803767   0.224096
 173  -16507.802158   0.225705
 174  -16507.801070   0.226793
 175  -16507.800554   0.227309
 176  -16507.799899   0.227964
 177  -16507.799697   0.228166
 178  -16507.797914   0.229949
 179  -16507.797162   0.230701
 180  -16507.796887   0.230976
 181  -16507.795966   0.231897
 182  -16507.795942   0.231921
 183  -16507.795742   0.232121
 184  -16507.795113   0.232750
 185  -16507.794273   0.233590
 186  -16507.794236   0.233627
 187  -16507.793636   0.234227
 188  -16507.793428   0.234435
 189  -16507.793388   0.234475
 190  -16507.793252   0.234611
 191  -16507.792347   0.235516
 192  -16507.791491   0.236372
 193  -16507.791441   0.236422
 194  -16507.790686   0.237177
 195  -16507.789282   0.238581
 196  -16507.789161   0.238702
 197  -16507.789049   0.238814
 198  -16507.788688   0.239175
 199  -16507.788684   0.239179
 200  -16507.788647   0.239216
 201  -16507.787705   0.240158
 202  -16507.787102   0.240761
 203  -16507.786474   0.241389
 204  -16507.786393   0.241470
 205  -16507.785884   0.241979
 206  -16507.785870   0.241993
 207  -16507.785308   0.242555
 208  -16507.785215   0.242648
 209  -16507.784683   0.243180
 210  -16507.784239   0.243624
 211  -16507.783898   0.243965
 212  -16507.782744   0.245119
 213  -16507.782288   0.245575
 214  -16507.781919   0.245944
 215  -16507.781338   0.246525
 216  -16507.780956   0.246907
 217  -16507.779568   0.248295
 218  -16507.778151   0.249712
 219  -16507.777813   0.250050
 220  -16507.777472   0.250391
 221  -16507.776068   0.251795
 222  -16507.776024   0.251839
 223  -16507.775856   0.252007
 224  -16507.775006   0.252857
 225  -16507.774710   0.253153
 226  -16507.772647   0.255216
 227  -16507.772599   0.255264
 228  -16507.772102   0.255761
 229  -16507.772045   0.255818
 230  -16507.770901   0.256962
 231  -16507.768362   0.259501
 232  -16507.768238   0.259625
 233  -16507.767992   0.259871
 234  -16507.767908   0.259955
 235  -16507.767039   0.260824
 236  -16507.766849   0.261014
 237  -16507.766714   0.261149
 238  -16507.766711   0.261152
 239  -16507.766211   0.261652
 240  -16507.766143   0.261720
 241  -16507.765852   0.262011
 242  -16507.765581   0.262282
 243  -16507.765442   0.262421
 244  -16507.763729   0.264134
 245  -16507.762555   0.265308
 246  -16507.761639   0.266224
 247  -16507.761540   0.266323
 248  -16507.761476   0.266387
 249  -16507.760404   0.267459
 250  -16507.759604   0.268259
 251  -16507.759575   0.268288
 252  -16507.759484   0.268379
 253  -16507.759310   0.268553
 254  -16507.759224   0.268639
 255  -16507.759218   0.268645
 256  -16507.759206   0.268657
 257  -16507.759076   0.268787
 258  -16507.759019   0.268844
 259  -16507.758749   0.269114
 260  -16507.758679   0.269184
 261  -16507.757819   0.270044
 262  -16507.757763   0.270100
 263  -16507.757730   0.270133
 264  -16507.757393   0.270470
 265  -16507.757384   0.270479
 266  -16507.756705   0.271158
 267  -16507.756480   0.271383
 268  -16507.756458   0.271405
 269  -16507.756412   0.271451
 270  -16507.756397   0.271466
 271  -16507.756340   0.271523
 272  -16507.755353   0.272510
 273  -16507.755288   0.272575
 274  -16507.755206   0.272657
 275  -16507.755031   0.272832
 276  -16507.754795   0.273068
 277  -16507.754730   0.273133
 278  -16507.754220   0.273643
 279  -16507.753610   0.274253
 280  -16507.753486   0.274377
 281  -16507.753394   0.274469
 282  -16507.753391   0.274472
 283  -16507.753068   0.274795
 284  -16507.752641   0.275222
 285  -16507.752383   0.275480
 286  -16507.752278   0.275585
 287  -16507.752207   0.275656
 288  -16507.751906   0.275957
 289  -16507.751748   0.276115
 290  -16507.751106   0.276757
 291  -16507.750210   0.277653
 292  -16507.749739   0.278124
 293  -16507.749737   0.278126
 294  -16507.749151   0.278712
 295  -16507.748889   0.278974
 296  -16507.747878   0.279985
 297  -16507.747459   0.280404
 298  -16507.747379   0.280484
 299  -16507.747249   0.280614
 300  -16507.746905   0.280958
 301  -16507.746812   0.281051
 302  -16507.745645   0.282218
 303  -16507.745480   0.282383
 304  -16507.745344   0.282519
 305  -16507.745053   0.282810
 306  -16507.744124   0.283739
 307  -16507.743799   0.284064
 308  -16507.743329   0.284534
 309  -16507.743200   0.284663
 310  -16507.741325   0.286538
 311  -16507.740929   0.286934
 312  -16507.740895   0.286968
 313  -16507.740599   0.287264
 314  -16507.740583   0.287280
 315  -16507.740157   0.287706
 316  -16507.740048   0.287815
 317  -16507.739236   0.288627
 318  -16507.738757   0.289106
 319  -16507.737896   0.289967
 320  -16507.737679   0.290184
 321  -16507.736315   0.291548
 322  -16507.736269   0.291594
 323  -16507.735702   0.292161
 324  -16507.735528   0.292335
 325  -16507.735519   0.292344
 326  -16507.735486   0.292377
 327  -16507.735042   0.292821
 328  -16507.734904   0.292959
 329  -16507.734564   0.293299
 330  -16507.734339   0.293524
 331  -16507.734122   0.293741
 332  -16507.733918   0.293945
 333  -16507.733586   0.294277
 334  -16507.733490   0.294373
 335  -16507.733423   0.294440
 336  -16507.732996   0.294867
 337  -16507.732782   0.295081
 338  -16507.732744   0.295119
 339  -16507.732586   0.295277
 340  -16507.732474   0.295389
 341  -16507.732364   0.295499
 342  -16507.731244   0.296619
 343  -16507.730384   0.297479
 344  -16507.730147   0.297716
 345  -16507.729987   0.297876
 346  -16507.729641   0.298222
 347  -16507.729623   0.298240
 348  -16507.729290   0.298573
 349  -16507.729189   0.298674
 350  -16507.729148   0.298715
 351  -16507.729115   0.298748
 352  -16507.728902   0.298961
 353  -16507.728361   0.299502
 354  -16507.728044   0.299819
 355  -16507.727988   0.299875
 356  -16507.727579   0.300284
 357  -16507.727295   0.300568
 358  -16507.726924   0.300939
 359  -16507.726866   0.300997
 360  -16507.726260   0.301603
 361  -16507.726258   0.301605
 362  -16507.725553   0.302310
 363  -16507.725434   0.302429
 364  -16507.725276   0.302587
 365  -16507.725203   0.302660
 366  -16507.724881   0.302982
 367  -16507.724589   0.303274
 368  -16507.724517   0.303346
 369  -16507.723867   0.303996
 370  -16507.723651   0.304212
 371  -16507.723576   0.304287
 372  -16507.723512   0.304351
 373  -16507.723468   0.304395
 374  -16507.723295   0.304568
 375  -16507.722997   0.304866
 376  -16507.722876   0.304987
 377  -16507.722693   0.305170
 378  -16507.722595   0.305268
 379  -16507.722498   0.305365
 380  -16507.722318   0.305545
 381  -16507.722276   0.305587
 382  -16507.722191   0.305672
 383  -16507.722190   0.305673
 384  -16507.722168   0.305695
 385  -16507.721800   0.306063
 386  -16507.721154   0.306709
 387  -16507.721110   0.306753
 388  -16507.720888   0.306975
 389  -16507.720714   0.307149
 390  -16507.720683   0.307180
 391  -16507.720659   0.307204
 392  -16507.720638   0.307225
 393  -16507.720592   0.307271
 394  -16507.720580   0.307283
 395  -16507.720573   0.307290
 396  -16507.719694   0.308169
 397  -16507.719612   0.308251
 398  -16507.719447   0.308416
 399  -16507.719384   0.308479
 400  -16507.719296   0.308567
 401  -16507.719137   0.308726
 402  -16507.719134   0.308729
 403  -16507.718927   0.308936
 404  -16507.718793   0.309070
 405  -16507.718176   0.309687
 406  -16507.718153   0.309710
 407  -16507.718070   0.309793
 408  -16507.717890   0.309973
 409  -16507.717750   0.310113
 410  -16507.717433   0.310430
 411  -16507.717233   0.310630
 412  -16507.717177   0.310686
 413  -16507.717171   0.310692
 414  -16507.716721   0.311142
 415  -16507.716713   0.311150
 416  -16507.716635   0.311228
 417  -16507.716403   0.311460
 418  -16507.716299   0.311564
 419  -16507.716028   0.311835
 420  -16507.715325   0.312538
 421  -16507.715145   0.312718
 422  -16507.714909   0.312954
 423  -16507.714748   0.313115
 424  -16507.714444   0.313419
 425  -16507.714166   0.313697
 426  -16507.714042   0.313821
 427  -16507.713966   0.313897
 428  -16507.713905   0.313958
 429  -16507.713585   0.314278
 430  -16507.713451   0.314412
 431  -16507.712990   0.314873
 432  -16507.712957   0.314906
 433  -16507.712764   0.315099
 434  -16507.712753   0.315110
 435  -16507.712701   0.315162
 436  -16507.712367   0.315496
 437  -16507.712355   0.315508
 438  -16507.712289   0.315574
 439  -16507.712282   0.315581
 440  -16507.712273   0.315590
 441  -16507.712109   0.315754
 442  -16507.712075   0.315788
 443  -16507.711970   0.315893
 444  -16507.711551   0.316312
 445  -16507.711454   0.316409
 446  -16507.710660   0.317203
 447  -16507.710362   0.317501
 448  -16507.710252   0.317611
 449  -16507.710094   0.317769
 450  -16507.709774   0.318089
 451  -16507.709008   0.318855
 452  -16507.708959   0.318904
 453  -16507.708850   0.319013
 454  -16507.708640   0.319223
 455  -16507.708489   0.319374
 456  -16507.708353   0.319510
 457  -16507.708268   0.319595
 458  -16507.708186   0.319677
 459  -16507.708130   0.319733
 460  -16507.708126   0.319737
 461  -16507.708061   0.319802
 462  -16507.707947   0.319916
 463  -16507.707829   0.320034
 464  -16507.707797   0.320066
 465  -16507.707664   0.320199
 466  -16507.707551   0.320312
 467  -16507.707283   0.320580
 468  -16507.706616   0.321247
 469  -16507.706534   0.321329
 470  -16507.706416   0.321447
 471  -16507.706202   0.321661
 472  -16507.706188   0.321675
 473  -16507.706052   0.321811
 474  -16507.705941   0.321922
 475  -16507.705794   0.322069
 476  -16507.705508   0.322355
 477  -16507.705440   0.322423
 478  -16507.705134   0.322729
 479  -16507.704938   0.322925
 480  -16507.703889   0.323974
 481  -16507.703710   0.324153
 482  -16507.703199   0.324664
 483  -16507.703028   0.324835
 484  -16507.702328   0.325535
 485  -16507.702269   0.325594
 486  -16507.702143   0.325720
 487  -16507.701963   0.325900
 488  -16507.701830   0.326033
 489  -16507.701783   0.326080
 490  -16507.701755   0.326108
 491  -16507.701458   0.326405
 492  -16507.701449   0.326414
 493  -16507.701413   0.326450
 494  -16507.701258   0.326605
 495  -16507.701230   0.326633
 496  -16507.700715   0.327148
 497  -16507.700689   0.327174
 498  -16507.700598   0.327265
 499  -16507.700480   0.327383
 500  -16507.699841   0.328022
 501  -16507.699497   0.328366
 502  -16507.698689   0.329174
 503  -16507.698547   0.329316
 504  -16507.698061   0.329802
 505  -16507.698037   0.329826
 506  -16507.697615   0.330248
 507  -16507.697319   0.330544
 508  -16507.696804   0.331059
 509  -16507.696627   0.331236
 510  -16507.696620   0.331243
 511  -16507.696590   0.331273
 512  -16507.696346   0.331517
 513  -16507.696198   0.331665
 514  -16507.696148   0.331715
 515  -16507.696031   0.331832
 516  -16507.696007   0.331856
 517  -16507.695845   0.332018
 518  -16507.695776   0.332087
 519  -16507.695598   0.332265
 520  -16507.695207   0.332656
 521  -16507.694781   0.333082
 522  -16507.694699   0.333164
 523  -16507.694597   0.333266
 524  -16507.694586   0.333277
 525  -16507.694560   0.333303
 526  -16507.694533   0.333330
 527  -16507.694520   0.333343
 528  -16507.694198   0.333665
 529  -16507.694164   0.333699
 530  -16507.694024   0.333839
 531  -16507.693878   0.333985
 532  -16507.693864   0.333999
 533  -16507.693813   0.334050
 534  -16507.693771   0.334092
 535  -16507.693083   0.334780
 536  -16507.692933   0.334930
 537  -16507.692902   0.334961
 538  -16507.692855   0.335008
 539  -16507.692848   0.335015
 540  -16507.692762   0.335101
 541  -16507.692712   0.335151
 542  -16507.692621   0.335242
 543  -16507.692455   0.335408
 544  -16507.692443   0.335420
 545  -16507.692276   0.335587
 546  -16507.692176   0.335687
 547  -16507.691791   0.336072
 548  -16507.691405   0.336458
 549  -16507.691370   0.336493
 550  -16507.691022   0.336841
 551  -16507.691002   0.336861
 552  -16507.691001   0.336862
 553  -16507.690822   0.337041
 554  -16507.690579   0.337284
 555  -16507.690510   0.337353
 556  -16507.689619   0.338244
 557  -16507.689581   0.338282
 558  -16507.689005   0.338858
 559  -16507.688911   0.338952
 560  -16507.688401   0.339462
 561  -16507.688395   0.339468
 562  -16507.688080   0.339783
 563  -16507.687322   0.340541
 564  -16507.687108   0.340755
 565  -16507.686943   0.340920
 566  -16507.686772   0.341091
 567  -16507.686665   0.341198
 568  -16507.686399   0.341464
 569  -16507.686381   0.341482
 570  -16507.686138   0.341725
 571  -16507.685919   0.341944
 572  -16507.685869   0.341994
 573  -16507.685856   0.342007
 574  -16507.685779   0.342084
 575  -16507.685775   0.342088
 576  -16507.685656   0.342207
 577  -16507.685516   0.342347
 578  -16507.685348   0.342515
 579  -16507.684938   0.342925
 580  -16507.684903   0.342960
 581  -16507.684847   0.343016
 582  -16507.684765   0.343098
 583  -16507.684538   0.343325
 584  -16507.684389   0.343474
 585  -16507.684382   0.343481
 586  -16507.684180   0.343683
 587  -16507.683794   0.344069
 588  -16507.683316   0.344547
 589  -16507.682919   0.344944
 590  -16507.682509   0.345354
 591  -16507.682318   0.345545
 592  -16507.681879   0.345984
 593  -16507.681863   0.346000
 594  -16507.681434   0.346429
 595  -16507.681013   0.346850
 596  -16507.680942   0.346921
 597  -16507.680791   0.347072
 598  -16507.680663   0.347200
 599  -16507.680588   0.347275
 600  -16507.680199   0.347664
 601  -16507.680153   0.347710
 602  -16507.680119   0.347744
 603  -16507.679790   0.348073
 604  -16507.679777   0.348086
 605  -16507.679712   0.348151
 606  -16507.679189   0.348674
 607  -16507.678877   0.348986
 608  -16507.678638   0.349225
 609  -16507.678349   0.349514
 610  -16507.677811   0.350052
 611  -16507.677586   0.350277
 612  -16507.677479   0.350384
 613  -16507.677325   0.350538
 614  -16507.677150   0.350713
 615  -16507.676778   0.351085
 616  -16507.676764   0.351099
 617  -16507.676230   0.351633
 618  -16507.675666   0.352197
 619  -16507.675611   0.352252
 620  -16507.675438   0.352425
 621  -16507.675149   0.352714
 622  -16507.674801   0.353062
 623  -16507.674767   0.353096
 624  -16507.674644   0.353219
 625  -16507.674374   0.353489
 626  -16507.674313   0.353550
 627  -16507.673995   0.353868
 628  -16507.673861   0.354002
 629  -16507.673219   0.354644
 630  -16507.673164   0.354699
 631  -16507.672858   0.355005
 632  -16507.672841   0.355022
 633  -16507.672652   0.355211
 634  -16507.672515   0.355348
 635  -16507.672133   0.355730
 636  -16507.672043   0.355820
 637  -16507.671923   0.355940
 638  -16507.671848   0.356015
 639  -16507.671775   0.356088
 640  -16507.671701   0.356162
 641  -16507.671503   0.356360
 642  -16507.671463   0.356400
 643  -16507.671284   0.356579
 644  -16507.671254   0.356609
 645  -16507.671232   0.356631
 646  -16507.671033   0.356830
 647  -16507.671024   0.356839
 648  -16507.670897   0.356966
 649  -16507.670655   0.357208
 650  -16507.670590   0.357273
 651  -16507.670465   0.357398
 652  -16507.670449   0.357414
 653  -16507.669875   0.357988
 654  -16507.669621   0.358242
 655  -16507.669325   0.358538
 656  -16507.669154   0.358709
 657  -16507.669148   0.358715
 658  -16507.668841   0.359022
 659  -16507.668827   0.359036
 660  -16507.668774   0.359089
 661  -16507.668634   0.359229
 662  -16507.668334   0.359529
 663  -16507.668178   0.359685
 664  -16507.668055   0.359808
 665  -16507.667945   0.359918
 666  -16507.667829   0.360034
 667  -16507.667546   0.360317
 668  -16507.667532   0.360331
 669  -16507.667506   0.360357
 670  -16507.667303   0.360560
 671  -16507.667064   0.360799
 672  -16507.666865   0.360998
 673  -16507.666742   0.361121
 674  -16507.666640   0.361223
 675  -16507.666559   0.361304
 676  -16507.666524   0.361339
 677  -16507.666449   0.361414
 678  -16507.666296   0.361567
 679  -16507.666190   0.361673
 680  -16507.665857   0.362006
 681  -16507.665733   0.362130
 682  -16507.665544   0.362319
 683  -16507.665454   0.362409
 684  -16507.665365   0.362498
 685  -16507.664913   0.362950
 686  -16507.664843   0.363020
 687  -16507.664744   0.363119
 688  -16507.664585   0.363278
 689  -16507.664460   0.363403
 690  -16507.664351   0.363512
 691  -16507.664318   0.363545
 692  -16507.663997   0.363866
 693  -16507.663899   0.363964
 694  -16507.663140   0.364723
 695  -16507.663051   0.364812
 696  -16507.662949   0.364914
 697  -16507.662921   0.364942
 698  -16507.662824   0.365039
 699  -16507.662811   0.365052
 700  -16507.662613   0.365250
 701  -16507.662554   0.365309
 702  -16507.662538   0.365325
 703  -16507.662416   0.365447
 704  -16507.662139   0.365724
 705  -16507.661920   0.365943
 706  -16507.661887   0.365976
 707  -16507.661834   0.366029
 708  -16507.661832   0.366031
 709  -16507.661778   0.366085
 710  -16507.661662   0.366201
 711  -16507.661569   0.366294
 712  -16507.660532   0.367331
 713  -16507.660227   0.367636
 714  -16507.660171   0.367692
 715  -16507.660112   0.367751
 716  -16507.660015   0.367848
 717  -16507.659845   0.368018
 718  -16507.659794   0.368069
 719  -16507.659680   0.368183
 720  -16507.659568   0.368295
 721  -16507.659335   0.368528
 722  -16507.659246   0.368617
 723  -16507.659061   0.368802
 724  -16507.658943   0.368920
 725  -16507.658839   0.369024
 726  -16507.658353   0.369510
 727  -16507.658289   0.369574
 728  -16507.658256   0.369607
 729  -16507.658183   0.369680
 730  -16507.658124   0.369739
 731  -16507.658014   0.369849
 732  -16507.657790   0.370073
 733  -16507.657671   0.370192
 734  -16507.657337   0.370526
 735  -16507.657269   0.370594
 736  -16507.657210   0.370653
 737  -16507.656998   0.370865
 738  -16507.656956   0.370907
 739  -16507.656628   0.371235
 740  -16507.656314   0.371549
 741  -16507.655870   0.371993
 742  -16507.655665   0.372198
 743  -16507.655409   0.372454
 744  -16507.655399   0.372464
 745  -16507.655207   0.372656
 746  -16507.655202   0.372661
 747  -16507.655147   0.372716
 748  -16507.654967   0.372896
 749  -16507.654872   0.372991
 750  -16507.654558   0.373305
 751  -16507.654443   0.373420
 752  -16507.654404   0.373459
 753  -16507.654225   0.373638
 754  -16507.653905   0.373958
 755  -16507.653776   0.374087
 756  -16507.653515   0.374348
 757  -16507.653338   0.374525
 758  -16507.653319   0.374544
 759  -16507.653245   0.374618
 760  -16507.653101   0.374762
 761  -16507.652932   0.374931
 762  -16507.652889   0.374974
 763  -16507.652673   0.375190
 764  -16507.652669   0.375194
 765  -16507.652272   0.375591
 766  -16507.652234   0.375629
 767  -16507.652218   0.375645
 768  -16507.652149   0.375714
 769  -16507.652134   0.375729
 770  -16507.651798   0.376065
 771  -16507.651366   0.376497
 772  -16507.650839   0.377024
 773  -16507.650738   0.377125
 774  -16507.650709   0.377154
 775  -16507.650548   0.377315
 776  -16507.650387   0.377476
 777  -16507.650261   0.377602
 778  -16507.650063   0.377800
 779  -16507.649999   0.377864
 780  -16507.649712   0.378151
 781  -16507.649619   0.378244
 782  -16507.649453   0.378410
 783  -16507.649065   0.378798
 784  -16507.648789   0.379074
 785  -16507.648499   0.379364
 786  -16507.648407   0.379456
 787  -16507.648380   0.379483
 788  -16507.648166   0.379697
 789  -16507.647503   0.380360
 790  -16507.647446   0.380417
 791  -16507.647435   0.380428
 792  -16507.647112   0.380751
 793  -16507.647105   0.380758
 794  -16507.646717   0.381146
 795  -16507.646539   0.381324
 796  -16507.646298   0.381565
 797  -16507.646134   0.381729
 798  -16507.646004   0.381859
 799  -16507.645904   0.381959
 800  -16507.645843   0.382020
 801  -16507.645485   0.382378
 802  -16507.645473   0.382390
 803  -16507.645133   0.382730
 804  -16507.645048   0.382815
 805  -16507.644921   0.382942
 806  -16507.644321   0.383542
 807  -16507.644069   0.383794
 808  -16507.643998   0.383865
 809  -16507.643851   0.384012
 810  -16507.643522   0.384341
 811  -16507.643156   0.384707
 812  -16507.643125   0.384738
 813  -16507.643108   0.384755
 814  -16507.642992   0.384871
 815  -16507.642924   0.384939
 816  -16507.642917   0.384946
 817  -16507.642868   0.384995
 818  -16507.642743   0.385120
 819  -16507.642314   0.385549
 820  -16507.642270   0.385593
 821  -16507.641959   0.385904
 822  -16507.641827   0.386036
 823  -16507.641757   0.386106
 824  -16507.641650   0.386213
 825  -16507.641539   0.386324
 826  -16507.641499   0.386364
 827  -16507.641422   0.386441
 828  -16507.641303   0.386560
 829  -16507.641185   0.386678
 830  -16507.641132   0.386731
 831  -16507.641034   0.386829
 832  -16507.640884   0.386979
 833  -16507.640698   0.387165
 834  -16507.640684   0.387179
 835  -16507.640232   0.387631
 836  -16507.639831   0.388032
 837  -16507.639725   0.388138
 838  -16507.639482   0.388381
 839  -16507.639433   0.388430
 840  -16507.639419   0.388444
 841  -16507.639192   0.388671
 842  -16507.639170   0.388693
 843  -16507.639046   0.388817
 844  -16507.638822   0.389041
 845  -16507.638384   0.389479
 846  -16507.638041   0.389822
 847  -16507.637910   0.389953
 848  -16507.637607   0.390256
 849  -16507.637597   0.390266
 850  -16507.637096   0.390767
 851  -16507.637065   0.390798
 852  -16507.637008   0.390855
 853  -16507.636586   0.391277
 854  -16507.636582   0.391281
 855  -16507.636435   0.391428
 856  -16507.636363   0.391500
 857  -16507.635989   0.391874
 858  -16507.635977   0.391886
 859  -16507.635796   0.392067
 860  -16507.635788   0.392075
 861  -16507.635636   0.392227
 862  -16507.635562   0.392301
 863  -16507.635562   0.392301
 864  -16507.635269   0.392594
 865  -16507.635161   0.392702
 866  -16507.635086   0.392777
 867  -16507.634587   0.393276
 868  -16507.634571   0.393292
 869  -16507.634445   0.393418
 870  -16507.634444   0.393419
 871  -16507.634278   0.393585
 872  -16507.633660   0.394203
 873  -16507.633650   0.394213
 874  -16507.633428   0.394435
 875  -16507.633129   0.394734
 876  -16507.633036   0.394827
 877  -16507.633009   0.394854
 878  -16507.632957   0.394906
 879  -16507.632907   0.394956
 880  -16507.632813   0.395050
 881  -16507.632797   0.395066
 882  -16507.632554   0.395309
 883  -16507.632516   0.395347
 884  -16507.632379   0.395484
 885  -16507.632370   0.395493
 886  -16507.631700   0.396163
 887  -16507.631307   0.396556
 888  -16507.631015   0.396848
 889  -16507.630902   0.396961
 890  -16507.630845   0.397018
 891  -16507.630750   0.397113
 892  -16507.630100   0.397763
 893  -16507.629844   0.398019
 894  -16507.629376   0.398487
 895  -16507.628899   0.398964
 896  -16507.628725   0.399138
 897  -16507.628648   0.399215
 898  -16507.628439   0.399424
 899  -16507.628362   0.399501
 900  -16507.628238   0.399625
 901  -16507.628106   0.399757
 902  -16507.627950   0.399913
 903  -16507.627874   0.399989
 904  -16507.627789   0.400074
 905  -16507.627596   0.400267
 906  -16507.627531   0.400332
 907  -16507.627459   0.400404
 908  -16507.627329   0.400534
 909  -16507.627263   0.400600
 910  -16507.627072   0.400791
 911  -16507.626716   0.401147
 912  -16507.626352   0.401511
 913  -16507.626232   0.401631
 914  -16507.626158   0.401705
 915  -16507.626089   0.401774
 916  -16507.626010   0.401853
 917  -16507.625729   0.402134
 918  -16507.625656   0.402207
 919  -16507.625616   0.402247
 920  -16507.625318   0.402545
 921  -16507.625157   0.402706
 922  -16507.624995   0.402868
 923  -16507.624952   0.402911
 924  -16507.624827   0.403036
 925  -16507.624772   0.403091
 926  -16507.624727   0.403136
 927  -16507.624312   0.403551
 928  -16507.624125   0.403738
 929  -16507.623752   0.404111
 930  -16507.623312   0.404551
 931  -16507.623200   0.404663
 932  -16507.622874   0.404989
 933  -16507.622667   0.405196
 934  -16507.622545   0.405318
 935  -16507.621724   0.406139
 936  -16507.621628   0.406235
 937  -16507.621566   0.406297
 938  -16507.620838   0.407025
 939  -16507.620697   0.407166
 940  -16507.620545   0.407318
 941  -16507.620518   0.407345
 942  -16507.620306   0.407557
 943  -16507.619803   0.408060
 944  -16507.619731   0.408132
 945  -16507.619570   0.408293
 946  -16507.619552   0.408311
 947  -16507.619388   0.408475
 948  -16507.619352   0.408511
 949  -16507.619259   0.408604
 950  -16507.619220   0.408643
 951  -16507.619069   0.408794
 952  -16507.618896   0.408967
 953  -16507.618611   0.409252
 954  -16507.618511   0.409352
 955  -16507.618442   0.409421
 956  -16507.618318   0.409545
 957  -16507.618298   0.409565
 958  -16507.618146   0.409717
 959  -16507.617989   0.409874
 960  -16507.617950   0.409913
 961  -16507.617087   0.410776
 962  -16507.616851   0.411012
 963  -16507.616806   0.411057
 964  -16507.616214   0.411649
 965  -16507.615993   0.411870
 966  -16507.615878   0.411985
 967  -16507.615588   0.412275
 968  -16507.615242   0.412621
 969  -16507.615240   0.412623
 970  -16507.615106   0.412757
 971  -16507.615057   0.412806
 972  -16507.614809   0.413054
 973  -16507.614370   0.413493
 974  -16507.614116   0.413747
 975  -16507.613974   0.413889
 976  -16507.613879   0.413984
 977  -16507.613546   0.414317
 978  -16507.613422   0.414441
 979  -16507.613095   0.414768
 980  -16507.612919   0.414944
 981  -16507.612775   0.415088
 982  -16507.612694   0.415169
 983  -16507.612690   0.415173
 984  -16507.612689   0.415174
 985  -16507.612062   0.415801
 986  -16507.611818   0.416045
 987  -16507.611726   0.416137
 988  -16507.611690   0.416173
 989  -16507.611574   0.416289
 990  -16507.610257   0.417606
 991  -16507.610003   0.417860
 992  -16507.609932   0.417931
 993  -16507.609727   0.418136
 994  -16507.609461   0.418402
 995  -16507.608590   0.419273
 996  -16507.608262   0.419601
 997  -16507.607971   0.419892
 998  -16507.607548   0.420315
 999  -16507.607388   0.420475
1000  -16507.606941   0.420922
1001  -16507.606153   0.421710
1002  -16507.606143   0.421720
1003  -16507.604439   0.423424
1004  -16507.604393   0.423470
1005  -16507.604205   0.423658
1006  -16507.604103   0.423760
1007  -16507.603258   0.424605
1008  -16507.602940   0.424923
1009  -16507.602653   0.425210
1010  -16507.602352   0.425511
1011  -16507.601533   0.426330
1012  -16507.601301   0.426562
1013  -16507.601156   0.426707
1014  -16507.601112   0.426751
1015  -16507.600948   0.426915
1016  -16507.600269   0.427594
1017  -16507.600067   0.427796
1018  -16507.599759   0.428104
1019  -16507.599318   0.428545
1020  -16507.599085   0.428778
1021  -16507.599067   0.428796
1022  -16507.597525   0.430338
1023  -16507.597356   0.430507
1024  -16507.597236   0.430627
1025  -16507.596880   0.430983
1026  -16507.596659   0.431204
1027  -16507.595835   0.432028
1028  -16507.595521   0.432342
1029  -16507.595480   0.432383
1030  -16507.595033   0.432830
1031  -16507.594571   0.433292
1032  -16507.594562   0.433301
1033  -16507.594291   0.433572
1034  -16507.594082   0.433781
1035  -16507.594013   0.433850
1036  -16507.593591   0.434272
1037  -16507.593503   0.434360
1038  -16507.592752   0.435111
1039  -16507.592209   0.435654
1040  -16507.592029   0.435834
1041  -16507.591777   0.436086
1042  -16507.591715   0.436148
1043  -16507.591379   0.436484
1044  -16507.590726   0.437137
1045  -16507.590660   0.437203
1046  -16507.590166   0.437697
1047  -16507.590021   0.437842
1048  -16507.589788   0.438075
1049  -16507.589655   0.438208
1050  -16507.589622   0.438241
1051  -16507.589181   0.438682
1052  -16507.588992   0.438871
1053  -16507.588868   0.438995
1054  -16507.588814   0.439049
1055  -16507.588698   0.439165
1056  -16507.588336   0.439527
1057  -16507.588041   0.439822
1058  -16507.587958   0.439905
1059  -16507.587831   0.440032
1060  -16507.587732   0.440131
1061  -16507.587076   0.440787
1062  -16507.586853   0.441010
1063  -16507.586778   0.441085
1064  -16507.586683   0.441180
1065  -16507.586137   0.441726
1066  -16507.585735   0.442128
1067  -16507.585533   0.442330
1068  -16507.584324   0.443539
1069  -16507.584268   0.443595
1070  -16507.583877   0.443986
1071  -16507.583812   0.444051
1072  -16507.583513   0.444350
1073  -16507.581793   0.446070
1074  -16507.581743   0.446120
1075  -16507.581693   0.446170
1076  -16507.581448   0.446415
1077  -16507.581385   0.446478
1078  -16507.581177   0.446686
1079  -16507.579528   0.448335
1080  -16507.579286   0.448577
1081  -16507.578348   0.449515
1082  -16507.578189   0.449674
1083  -16507.577715   0.450148
1084  -16507.577022   0.450841
1085  -16507.576623   0.451240
1086  -16507.576579   0.451284
1087  -16507.576270   0.451593
1088  -16507.576119   0.451744
1089  -16507.576096   0.451767
1090  -16507.576004   0.451859
1091  -16507.575049   0.452814
1092  -16507.574926   0.452937
1093  -16507.574664   0.453199
1094  -16507.574162   0.453701
1095  -16507.573718   0.454145
1096  -16507.571936   0.455927
1097  -16507.571469   0.456394
1098  -16507.571325   0.456538
1099  -16507.571266   0.456597
1100  -16507.570996   0.456867
1101  -16507.570388   0.457475
1102  -16507.570223   0.457640
1103  -16507.569657   0.458206
1104  -16507.569511   0.458352
1105  -16507.569400   0.458463
1106  -16507.568071   0.459792
1107  -16507.567555   0.460308
1108  -16507.566631   0.461232
1109  -16507.564655   0.463208
1110  -16507.563561   0.464302
1111  -16507.562979   0.464884
1112  -16507.562876   0.464987
1113  -16507.562563   0.465300
1114  -16507.562455   0.465408
1115  -16507.562132   0.465731
1116  -16507.561551   0.466312
1117  -16507.560942   0.466921
1118  -16507.560916   0.466947
1119  -16507.560813   0.467050
1120  -16507.560302   0.467561
1121  -16507.559881   0.467982
1122  -16507.559733   0.468130
1123  -16507.559492   0.468371
1124  -16507.559444   0.468419
1125  -16507.559372   0.468491
1126  -16507.559305   0.468558
1127  -16507.558735   0.469128
1128  -16507.558252   0.469611
1129  -16507.557328   0.470535
1130  -16507.557203   0.470660
1131  -16507.557072   0.470791
1132  -16507.556878   0.470985
1133  -16507.556105   0.471758
1134  -16507.555899   0.471964
1135  -16507.554910   0.472953
1136  -16507.554335   0.473528
1137  -16507.553246   0.474617
1138  -16507.552980   0.474883
1139  -16507.551715   0.476148
1140  -16507.551617   0.476246
1141  -16507.549621   0.478242
1142  -16507.549067   0.478796
1143  -16507.548862   0.479001
1144  -16507.548695   0.479168
1145  -16507.548625   0.479238
1146  -16507.548161   0.479702
1147  -16507.546804   0.481059
1148  -16507.545749   0.482114
1149  -16507.545405   0.482458
1150  -16507.544633   0.483230
1151  -16507.544479   0.483384
1152  -16507.544470   0.483393
1153  -16507.543666   0.484197
1154  -16507.542759   0.485104
1155  -16507.542182   0.485681
1156  -16507.540590   0.487273
1157  -16507.540423   0.487440
1158  -16507.539573   0.488290
1159  -16507.539073   0.488790
1160  -16507.538768   0.489095
1161  -16507.538590   0.489273
1162  -16507.538429   0.489434
1163  -16507.538184   0.489679
1164  -16507.538120   0.489743
1165  -16507.537768   0.490095
1166  -16507.537162   0.490701
1167  -16507.537012   0.490851
1168  -16507.536846   0.491017
1169  -16507.536738   0.491125
1170  -16507.534857   0.493006
1171  -16507.534765   0.493098
1172  -16507.532787   0.495076
1173  -16507.531253   0.496610
1174  -16507.531252   0.496611
1175  -16507.530847   0.497016
1176  -16507.529807   0.498056
1177  -16507.529066   0.498797
1178  -16507.528854   0.499009
1179  -16507.528019   0.499844
1180  -16507.524600   0.503263
1181  -16507.523862   0.504001
1182  -16507.523495   0.504368
1183  -16507.522602   0.505261
1184  -16507.521947   0.505916
1185  -16507.520325   0.507538
1186  -16507.520029   0.507834
1187  -16507.519266   0.508597
1188  -16507.518679   0.509184
1189  -16507.518019   0.509844
1190  -16507.516593   0.511270
1191  -16507.515380   0.512483
1192  -16507.515006   0.512857
1193  -16507.514631   0.513232
1194  -16507.514355   0.513508
1195  -16507.509503   0.518360
1196  -16507.508268   0.519595
1197  -16507.508264   0.519599
1198  -16507.496090   0.531773
1199  -16507.484581   0.543282
1200  -16507.482841   0.545022
1201  -16507.478600   0.549263
1202  -16507.461255   0.566608
1203  -16507.446654   0.581209
1204  -16507.403621   0.624242
1205  -16507.390565   0.637298
1206  -16507.384893   0.642970
