# Relative energy hierarchy for Ac-Gln-NMe conformations
# Calculated with PBE+vdW (tier 2 basis)
# Conf.    Energy./ [eV]     Rel. energy./ [eV]
#
   1  -19156.9750716   0.000000
   2  -19156.9684591   0.006613
   3  -19156.9588949   0.016177
   4  -19156.9495572   0.025514
   5  -19156.9493429   0.025729
   6  -19156.9271855   0.047886
   7  -19156.9162064   0.058865
   8  -19156.9004005   0.074671
   9  -19156.8679364   0.107135
  10  -19156.8567569   0.118315
  11  -19156.8411593   0.133912
  12  -19156.8230623   0.152009
  13  -19156.8229734   0.152098
  14  -19156.8224793   0.152592
  15  -19156.8085902   0.166481
  16  -19156.8059702   0.169101
  17  -19156.800905   0.174167
  18  -19156.7937645   0.181307
  19  -19156.7821412   0.192930
  20  -19156.7812589   0.193813
  21  -19156.7793451   0.195727
  22  -19156.7783398   0.196732
  23  -19156.7727998   0.202272
  24  -19156.7614968   0.213575
  25  -19156.7510382   0.224033
  26  -19156.7431179   0.231954
  27  -19156.7424839   0.232588
  28  -19156.7412667   0.233805
  29  -19156.7370735   0.237998
  30  -19156.733887   0.241185
  31  -19156.7266133   0.248458
  32  -19156.7261813   0.248890
  33  -19156.7259747   0.249097
  34  -19156.7245607   0.250511
  35  -19156.7163976   0.258674
  36  -19156.7125117   0.262560
  37  -19156.6992272   0.275844
  38  -19156.698877   0.276195
  39  -19156.6962722   0.278799
  40  -19156.6908096   0.284262
  41  -19156.6891373   0.285934
  42  -19156.6891118   0.285960
  43  -19156.6889503   0.286121
  44  -19156.685467   0.289605
  45  -19156.6829341   0.292138
  46  -19156.6821927   0.292879
  47  -19156.6746874   0.300384
  48  -19156.6745632   0.300508
  49  -19156.6727314   0.302340
  50  -19156.6725306   0.302541
  51  -19156.6638397   0.311232
  52  -19156.6608845   0.314187
  53  -19156.6549836   0.320088
  54  -19156.6542582   0.320813
  55  -19156.652931   0.322141
  56  -19156.6526299   0.322442
  57  -19156.651024   0.324048
  58  -19156.6496292   0.325442
  59  -19156.6494409   0.325631
  60  -19156.6469502   0.328121
  61  -19156.646798   0.328274
  62  -19156.6406885   0.334383
  63  -19156.6403112   0.334760
  64  -19156.6334475   0.341624
  65  -19156.6332658   0.341806
  66  -19156.6323115   0.342760
  67  -19156.631059   0.344013
  68  -19156.6296551   0.345417
  69  -19156.6292039   0.345868
  70  -19156.6263432   0.348728
  71  -19156.626171   0.348901
  72  -19156.6222305   0.352841
  73  -19156.622093   0.352979
  74  -19156.6196102   0.355461
  75  -19156.6184244   0.356647
  76  -19156.6141671   0.360905
  77  -19156.6126272   0.362444
  78  -19156.6116756   0.363396
  79  -19156.6115678   0.363504
  80  -19156.6112116   0.363860
  81  -19156.6100096   0.365062
  82  -19156.6085696   0.366502
  83  -19156.608191   0.366881
  84  -19156.6022884   0.372783
  85  -19156.5986448   0.376427
  86  -19156.5970368   0.378035
  87  -19156.5945733   0.380498
  88  -19156.5928205   0.382251
  89  -19156.5903735   0.384698
  90  -19156.5893003   0.385771
  91  -19156.5890413   0.386030
  92  -19156.5848352   0.390236
  93  -19156.5809585   0.394113
  94  -19156.5799818   0.395090
  95  -19156.5781978   0.396874
  96  -19156.5741085   0.400963
  97  -19156.5734534   0.401618
  98  -19156.5721284   0.402943
  99  -19156.5646687   0.410403
 100  -19156.5629598   0.412112
 101  -19156.5611214   0.413950
 102  -19156.5607733   0.414298
 103  -19156.5603446   0.414727
 104  -19156.5590936   0.415978
 105  -19156.5575221   0.417550
 106  -19156.5567725   0.418299
 107  -19156.5526841   0.422388
 108  -19156.5502973   0.424774
 109  -19156.5492258   0.425846
 110  -19156.5467462   0.428325
 111  -19156.5461066   0.428965
 112  -19156.5443962   0.430675
 113  -19156.5422364   0.432835
 114  -19156.5421549   0.432917
 115  -19156.5399751   0.435097
 116  -19156.5395991   0.435473
 117  -19156.538982   0.436090
 118  -19156.5388893   0.436182
 119  -19156.5388504   0.436221
 120  -19156.5388337   0.436238
 121  -19156.5376457   0.437426
 122  -19156.534572   0.440500
 123  -19156.5330552   0.442016
 124  -19156.5305847   0.444487
 125  -19156.527846   0.447226
 126  -19156.5270603   0.448011
 127  -19156.5264425   0.448629
 128  -19156.5250929   0.449979
 129  -19156.5242454   0.450826
 130  -19156.5145387   0.460533
 131  -19156.5097877   0.465284
 132  -19156.5097516   0.465320
 133  -19156.50766   0.467412
 134  -19156.5075186   0.467553
 135  -19156.5072329   0.467839
 136  -19156.5056979   0.469374
 137  -19156.5016058   0.473466
 138  -19156.4980242   0.477047
 139  -19156.4939113   0.481160
 140  -19156.493595   0.481477
 141  -19156.491408   0.483664
 142  -19156.4906253   0.484446
 143  -19156.4892012   0.485870
 144  -19156.4888121   0.486260
 145  -19156.4867983   0.488273
 146  -19156.4849799   0.490092
 147  -19156.4833062   0.491765
 148  -19156.4805608   0.494511
 149  -19156.4791807   0.495891
 150  -19156.4740817   0.500990
 151  -19156.4719592   0.503112
 152  -19156.4689531   0.506119
 153  -19156.4654333   0.509638
 154  -19156.4653428   0.509729
 155  -19156.4649529   0.510119
 156  -19156.4624923   0.512579
 157  -19156.4624789   0.512593
 158  -19156.4604636   0.514608
 159  -19156.4601433   0.514928
 160  -19156.4585109   0.516561
 161  -19156.4582374   0.516834
 162  -19156.4576325   0.517439
 163  -19156.4565576   0.518514
 164  -19156.4550152   0.520056
 165  -19156.4465728   0.528499
 166  -19156.4461436   0.528928
 167  -19156.4443947   0.530677
 168  -19156.442027   0.533045
 169  -19156.4392038   0.535868
 170  -19156.4384236   0.536648
 171  -19156.4381766   0.536895
 172  -19156.438123   0.536949
 173  -19156.4287672   0.546304
 174  -19156.4287446   0.546327
 175  -19156.4284004   0.546671
 176  -19156.4274871   0.547585
 177  -19156.4271138   0.547958
 178  -19156.4244907   0.550581
 179  -19156.4244175   0.550654
 180  -19156.4188211   0.556251
 181  -19156.4179791   0.557093
 182  -19156.4142031   0.560869
 183  -19156.4141657   0.560906
 184  -19156.4133262   0.561745
 185  -19156.4130494   0.562022
 186  -19156.4125824   0.562489
 187  -19156.4012382   0.573833
 188  -19156.4009836   0.574088
 189  -19156.4000671   0.575005
 190  -19156.3943363   0.580735
 191  -19156.3942246   0.580847
 192  -19156.392674   0.582398
 193  -19156.3905178   0.584554
 194  -19156.3888398   0.586232
 195  -19156.3868342   0.588237
 196  -19156.3855781   0.589494
 197  -19156.3854871   0.589585
 198  -19156.3851023   0.589969
 199  -19156.3831736   0.591898
 200  -19156.3825968   0.592475
 201  -19156.3809068   0.594165
 202  -19156.3807049   0.594367
 203  -19156.3803697   0.594702
 204  -19156.3801473   0.594924
 205  -19156.3798806   0.595191
 206  -19156.3785648   0.596507
 207  -19156.3763477   0.598724
 208  -19156.3751943   0.599877
 209  -19156.3731842   0.601887
 210  -19156.3710793   0.603992
 211  -19156.3700319   0.605040
 212  -19156.3695769   0.605495
 213  -19156.3680101   0.607062
 214  -19156.367199   0.607873
 215  -19156.3636017   0.611470
 216  -19156.3611018   0.613970
 217  -19156.352605   0.622467
 218  -19156.3513129   0.623759
 219  -19156.3507444   0.624327
 220  -19156.3498074   0.625264
 221  -19156.3492303   0.625841
 222  -19156.3489545   0.626117
 223  -19156.3487714   0.626300
 224  -19156.347177   0.627895
 225  -19156.3458609   0.629211
 226  -19156.3448309   0.630241
 227  -19156.3444874   0.630584
 228  -19156.3416292   0.633442
 229  -19156.340104   0.634968
 230  -19156.3391457   0.635926
 231  -19156.3384453   0.636626
 232  -19156.3330946   0.641977
 233  -19156.327001   0.648071
 234  -19156.3267551   0.648317
 235  -19156.325405   0.649667
 236  -19156.3210122   0.654059
 237  -19156.3194124   0.655659
 238  -19156.3190077   0.656064
 239  -19156.3115571   0.663515
 240  -19156.3113758   0.663696
 241  -19156.3081628   0.666909
 242  -19156.3079199   0.667152
 243  -19156.3017919   0.673280
 244  -19156.298844   0.676228
 245  -19156.2971701   0.677902
 246  -19156.296807   0.678265
 247  -19156.2908032   0.684268
 248  -19156.2900395   0.685032
 249  -19156.2893067   0.685765
 250  -19156.2848086   0.690263
 251  -19156.2833784   0.691693
 252  -19156.2759482   0.699123
 253  -19156.2699392   0.705132
 254  -19156.2697612   0.705310
 255  -19156.2688763   0.706195
 256  -19156.2677911   0.707281
 257  -19156.2563628   0.718709
 258  -19156.2560123   0.719059
 259  -19156.2544419   0.720630
 260  -19156.252353   0.722719
 261  -19156.2497181   0.725354
 262  -19156.2432869   0.731785
 263  -19156.2376042   0.737467
 264  -19156.2370705   0.738001
 265  -19156.2293788   0.745693
 266  -19156.2287355   0.746336
 267  -19156.2277715   0.747300
 268  -19156.2276638   0.747408
 269  -19156.2250491   0.750023
 270  -19156.2238634   0.751208
 271  -19156.2192902   0.755781
 272  -19156.2148355   0.760236
 273  -19156.2054124   0.769659
 274  -19156.1946765   0.780395
 275  -19156.1935946   0.781477
 276  -19156.1854511   0.789621
 277  -19156.1729891   0.802083
 278  -19156.1663174   0.808754
 279  -19156.1424157   0.832656
 280  -19156.1159202   0.859151
 281  -19156.1097541   0.865317
 282  -19156.1069571   0.868115
 283  -19156.0989991   0.876073
 284  -19156.0568093   0.918262
 285  -19156.0562781   0.918794
 286  -19156.0317352   0.943336
 287  -19155.9831575   0.991914
 288  -19155.9696982   1.005373
 289  -19155.9438616   1.031210
 290  -19155.9437901   1.031282
 291  -19155.8834997   1.091572
 292  -19155.8811938   1.093878
 293  -19155.875998   1.099074
 294  -19155.8733137   1.101758
 295  -19155.8678736   1.107198
 296  -19155.8571371   1.117935
 297  -19155.8547434   1.120328
 298  -19155.8442032   1.130868
 299  -19155.8403537   1.134718
 300  -19155.831638   1.143434
 301  -19155.8093219   1.165750
 302  -19155.7729843   1.202087
 303  -19155.7717216   1.203350
 304  -19155.7601076   1.214964
 305  -19155.75656   1.218512
 306  -19155.7485262   1.226545
 307  -19155.7458267   1.229245
 308  -19155.7287996   1.246272
 309  -19155.7279257   1.247146
 310  -19155.7272723   1.247799
 311  -19155.7258049   1.249267
 312  -19155.7244067   1.250665
 313  -19155.7241594   1.250912
 314  -19155.7221599   1.252912
 315  -19155.7207774   1.254294
 316  -19155.71739   1.257682
 317  -19155.7133354   1.261736
 318  -19155.7121034   1.262968
 319  -19155.706501   1.268571
 320  -19155.7044824   1.270589
 321  -19155.701959   1.273113
 322  -19155.6864571   1.288615
 323  -19155.6808582   1.294213
 324  -19155.6796951   1.295377
 325  -19155.6706569   1.304415
 326  -19155.6701631   1.304909
 327  -19155.6581678   1.316904
 328  -19155.6572394   1.317832
 329  -19155.6459587   1.329113
 330  -19155.6374811   1.337591
 331  -19155.6365204   1.338551
 332  -19155.6295195   1.345552
 333  -19155.6260656   1.349006
 334  -19155.6223899   1.352682
 335  -19155.6221948   1.352877
 336  -19155.6183003   1.356771
 337  -19155.6118827   1.363189
 338  -19155.6052065   1.369865
 339  -19155.6050745   1.369997
 340  -19155.5975543   1.377517
 341  -19155.5863255   1.388746
 342  -19155.5804784   1.394593
 343  -19155.5790068   1.396065
 344  -19155.5767334   1.398338
 345  -19155.5698715   1.405200
 346  -19155.5665892   1.408482
 347  -19155.5636471   1.411425
 348  -19155.5554263   1.419645
 349  -19155.5503663   1.424705
 350  -19155.5472439   1.427828
 351  -19155.5443005   1.430771
 352  -19155.541663   1.433409
 353  -19155.5404507   1.434621
 354  -19155.5375196   1.437552
 355  -19155.5374771   1.437595
 356  -19155.5374637   1.437608
 357  -19155.5250895   1.449982
 358  -19155.5111417   1.463930
 359  -19155.5062969   1.468775
 360  -19155.5039876   1.471084
 361  -19155.4566006   1.518471
 362  -19155.4484992   1.526572
 363  -19155.4382668   1.536805
 364  -19155.4272864   1.547785
 365  -19155.4240934   1.550978
 366  -19155.4222353   1.552836
 367  -19155.4085606   1.566511
 368  -19155.3920047   1.583067
 369  -19155.3654811   1.609591
 370  -19155.3126122   1.662459
 371  -19155.308474   1.666598
 372  -19155.3042283   1.670843
 373  -19155.2423992   1.732672
